"N_s" "N_t" "Pr_0" "Pr_1" "Pr_2" "Pr_3" "Pr_SD" "Br_0" "Br_1" "Br_2" "Br_3" "Br_SD" "B.dp" "W.dp" "BxW.dp" "B.Ap" "W.Ap" "BxW.Ap" "B.Pr" "W.Pr" "BxW.Pr"
"1" 12 24 0.4 0 0 0 0.1 0.5 0 0 0 0 0.048 0.041 0.05 0.05 0.035 0.055 0.046 0.042 0.051
"2" 24 24 0.4 0 0 0 0.1 0.5 0 0 0 0 0.048 0.041 0.052 0.042 0.04 0.055 0.043 0.038 0.049
"3" 48 24 0.4 0 0 0 0.1 0.5 0 0 0 0 0.045 0.052 0.046 0.05 0.044 0.053 0.041 0.045 0.044
"4" 12 24 0.5 0 0 0 0.1 0.5 0 0 0 0 0.043 0.046 0.044 0.035 0.048 0.048 0.034 0.052 0.05
"5" 24 24 0.5 0 0 0 0.1 0.5 0 0 0 0 0.045 0.045 0.059 0.043 0.047 0.058 0.042 0.046 0.055
"6" 48 24 0.5 0 0 0 0.1 0.5 0 0 0 0 0.033 0.047 0.054 0.039 0.039 0.052 0.037 0.042 0.052
"7" 12 24 0.6 0 0 0 0.1 0.5 0 0 0 0 0.048 0.056 0.056 0.052 0.066 0.06 0.054 0.065 0.057
"8" 24 24 0.6 0 0 0 0.1 0.5 0 0 0 0 0.054 0.052 0.054 0.049 0.054 0.049 0.049 0.054 0.051
"9" 48 24 0.6 0 0 0 0.1 0.5 0 0 0 0 0.045 0.066 0.056 0.039 0.059 0.044 0.041 0.058 0.052
"10" 12 24 0.7 0 0 0 0.1 0.5 0 0 0 0 0.04 0.05 0.043 0.041 0.053 0.046 0.043 0.05 0.045
"11" 24 24 0.7 0 0 0 0.1 0.5 0 0 0 0 0.051 0.06 0.057 0.046 0.06 0.054 0.046 0.058 0.055
"12" 48 24 0.7 0 0 0 0.1 0.5 0 0 0 0 0.052 0.046 0.053 0.058 0.046 0.045 0.059 0.048 0.043
"13" 12 24 0.8 0 0 0 0.1 0.5 0 0 0 0 0.04 0.071 0.056 0.037 0.068 0.051 0.033 0.072 0.049
"14" 24 24 0.8 0 0 0 0.1 0.5 0 0 0 0 0.056 0.057 0.044 0.043 0.054 0.048 0.046 0.056 0.049
"15" 48 24 0.8 0 0 0 0.1 0.5 0 0 0 0 0.055 0.049 0.066 0.053 0.048 0.055 0.053 0.051 0.057
"16" 12 24 0.4 0.025 0.025 0 0.1 0.5 0 0 0 0 0.139 0.269 0.036 0.134 0.241 0.04 0.14 0.269 0.035
"17" 24 24 0.4 0.025 0.025 0 0.1 0.5 0 0 0 0 0.238 0.438 0.054 0.234 0.412 0.056 0.237 0.428 0.053
"18" 48 24 0.4 0.025 0.025 0 0.1 0.5 0 0 0 0 0.438 0.736 0.052 0.427 0.7 0.052 0.439 0.734 0.048
"19" 12 24 0.5 0.025 0.025 0 0.1 0.5 0 0 0 0 0.124 0.3 0.047 0.122 0.267 0.043 0.122 0.283 0.049
"20" 24 24 0.5 0.025 0.025 0 0.1 0.5 0 0 0 0 0.251 0.495 0.045 0.24 0.476 0.049 0.245 0.502 0.044
"21" 48 24 0.5 0.025 0.025 0 0.1 0.5 0 0 0 0 0.423 0.787 0.043 0.411 0.755 0.037 0.433 0.791 0.04
"22" 12 24 0.6 0.025 0.025 0 0.1 0.5 0 0 0 0 0.141 0.293 0.06 0.137 0.293 0.058 0.138 0.299 0.063
"23" 24 24 0.6 0.025 0.025 0 0.1 0.5 0 0 0 0 0.252 0.56 0.06 0.259 0.518 0.063 0.269 0.551 0.06
"24" 48 24 0.6 0.025 0.025 0 0.1 0.5 0 0 0 0 0.466 0.833 0.046 0.452 0.819 0.057 0.472 0.848 0.05
"25" 12 24 0.7 0.025 0.025 0 0.1 0.5 0 0 0 0 0.162 0.367 0.054 0.166 0.343 0.046 0.172 0.362 0.047
"26" 24 24 0.7 0.025 0.025 0 0.1 0.5 0 0 0 0 0.281 0.664 0.061 0.291 0.592 0.049 0.29 0.651 0.052
"27" 48 24 0.7 0.025 0.025 0 0.1 0.5 0 0 0 0 0.53 0.931 0.073 0.499 0.885 0.053 0.524 0.915 0.054
"28" 12 24 0.8 0.025 0.025 0 0.1 0.5 0 0 0 0 0.178 0.482 0.056 0.164 0.413 0.056 0.171 0.446 0.06
"29" 24 24 0.8 0.025 0.025 0 0.1 0.5 0 0 0 0 0.311 0.826 0.05 0.301 0.739 0.043 0.307 0.779 0.039
"30" 48 24 0.8 0.025 0.025 0 0.1 0.5 0 0 0 0 0.538 0.982 0.054 0.537 0.956 0.048 0.547 0.98 0.053
"31" 12 24 0.4 0.05 0.05 0 0.1 0.5 0 0 0 0 0.387 0.701 0.04 0.387 0.663 0.042 0.4 0.708 0.041
"32" 24 24 0.4 0.05 0.05 0 0.1 0.5 0 0 0 0 0.713 0.945 0.059 0.698 0.935 0.05 0.721 0.946 0.057
"33" 48 24 0.4 0.05 0.05 0 0.1 0.5 0 0 0 0 0.948 1 0.048 0.941 0.999 0.047 0.944 1 0.035
"34" 12 24 0.5 0.05 0.05 0 0.1 0.5 0 0 0 0 0.402 0.768 0.053 0.399 0.736 0.051 0.412 0.776 0.052
"35" 24 24 0.5 0.05 0.05 0 0.1 0.5 0 0 0 0 0.691 0.971 0.05 0.688 0.963 0.06 0.697 0.978 0.054
"36" 48 24 0.5 0.05 0.05 0 0.1 0.5 0 0 0 0 0.951 1 0.07 0.945 0.999 0.061 0.954 1 0.041
"37" 12 24 0.6 0.05 0.05 0 0.1 0.5 0 0 0 0 0.438 0.824 0.061 0.431 0.775 0.055 0.443 0.816 0.052
"38" 24 24 0.6 0.05 0.05 0 0.1 0.5 0 0 0 0 0.758 0.987 0.09 0.769 0.976 0.061 0.773 0.988 0.06
"39" 48 24 0.6 0.05 0.05 0 0.1 0.5 0 0 0 0 0.963 1 0.077 0.955 1 0.069 0.965 1 0.046
"40" 12 24 0.7 0.05 0.05 0 0.1 0.5 0 0 0 0 0.487 0.912 0.077 0.486 0.876 0.049 0.504 0.902 0.049
"41" 24 24 0.7 0.05 0.05 0 0.1 0.5 0 0 0 0 0.778 1 0.086 0.773 0.992 0.064 0.793 1 0.047
"42" 48 24 0.7 0.05 0.05 0 0.1 0.5 0 0 0 0 0.978 1 0.135 0.972 1 0.085 0.976 1 0.053
"43" 12 24 0.8 0.05 0.05 0 0.1 0.5 0 0 0 0 0.524 0.984 0.078 0.487 0.943 0.072 0.513 0.966 0.059
"44" 24 24 0.8 0.05 0.05 0 0.1 0.5 0 0 0 0 0.832 1 0.07 0.818 0.999 0.072 0.829 1 0.054
"45" 48 24 0.8 0.05 0.05 0 0.1 0.5 0 0 0 0 0.97 1 0.121 0.972 1 0.094 0.973 1 0.057
"46" 12 24 0.4 0.1 0.1 0 0.1 0.5 0 0 0 0 0.934 1 0.075 0.919 0.999 0.107 0.935 1 0.059
"47" 24 24 0.4 0.1 0.1 0 0.1 0.5 0 0 0 0 0.998 1 0.129 0.998 1 0.157 0.998 1 0.047
"48" 48 24 0.4 0.1 0.1 0 0.1 0.5 0 0 0 0 1 1 0.172 1 1 0.269 1 1 0.042
"49" 12 24 0.5 0.1 0.1 0 0.1 0.5 0 0 0 0 0.936 1 0.122 0.932 0.998 0.097 0.946 1 0.046
"50" 24 24 0.5 0.1 0.1 0 0.1 0.5 0 0 0 0 0.999 1 0.194 0.997 1 0.164 0.998 1 0.051
"51" 48 24 0.5 0.1 0.1 0 0.1 0.5 0 0 0 0 1 1 0.355 1 1 0.285 1 1 0.059
"52" 12 24 0.6 0.1 0.1 0 0.1 0.5 0 0 0 0 0.958 1 0.186 0.936 0.998 0.113 0.952 1 0.048
"53" 24 24 0.6 0.1 0.1 0 0.1 0.5 0 0 0 0 1 1 0.359 0.999 1 0.151 1 1 0.044
"54" 48 24 0.6 0.1 0.1 0 0.1 0.5 0 0 0 0 1 1 0.637 1 1 0.302 1 1 0.05
"55" 12 24 0.7 0.1 0.1 0 0.1 0.5 0 0 0 0 0.966 1 0.311 0.949 1 0.125 0.965 1 0.046
"56" 24 24 0.7 0.1 0.1 0 0.1 0.5 0 0 0 0 1 1 0.574 1 1 0.217 1 1 0.057
"57" 48 24 0.7 0.1 0.1 0 0.1 0.5 0 0 0 0 1 1 0.831 1 1 0.408 1 1 0.062
"58" 12 24 0.8 0.1 0.1 0 0.1 0.5 0 0 0 0 0.988 1 0.179 0.971 1 0.192 0.98 1 0.106
"59" 24 24 0.8 0.1 0.1 0 0.1 0.5 0 0 0 0 1 1 0.314 1 1 0.413 1 1 0.184
"60" 48 24 0.8 0.1 0.1 0 0.1 0.5 0 0 0 0 1 1 0.525 1 1 0.685 1 1 0.304
