"N_s" "N_t" "d_0" "d_1" "d_2" "d_3" "d_SD" "k_0" "k_1" "k_2" "k_3" "k_SD" "S" "B.dp" "W.dp" "BxW.dp" "B.Ap" "W.Ap" "BxW.Ap" "B.Pr" "W.Pr" "BxW.Pr"
"1" 24 24 2 0 0 -0.25 0.5 -1 0 0 0 0.5 1 0.044 0.043 0.994 0.038 0.033 0.985 0.037 0.044 0.999
"2" 24 24 2 0 0 -0.125 0.5 -1 0 0 0 0.5 1 0.05 0.055 0.644 0.059 0.048 0.622 0.063 0.048 0.728
"3" 24 24 2 0 0 0.125 0.5 -1 0 0 0 0.5 1 0.051 0.059 0.613 0.058 0.058 0.616 0.052 0.057 0.709
"4" 24 24 2 0 0 0.25 0.5 -1 0 0 0 0.5 1 0.058 0.053 0.995 0.062 0.051 0.983 0.059 0.047 0.997
"5" 24 24 2 0 0 -0.25 0.5 -0.5 0 0 0 0.5 1 0.054 0.043 0.998 0.052 0.044 0.998 0.05 0.04 0.999
"6" 24 24 2 0 0 -0.125 0.5 -0.5 0 0 0 0.5 1 0.057 0.042 0.681 0.061 0.044 0.717 0.058 0.047 0.758
"7" 24 24 2 0 0 0.125 0.5 -0.5 0 0 0 0.5 1 0.04 0.056 0.684 0.046 0.049 0.707 0.052 0.049 0.766
"8" 24 24 2 0 0 0.25 0.5 -0.5 0 0 0 0.5 1 0.051 0.038 0.998 0.055 0.038 0.996 0.06 0.044 0.999
"9" 24 24 2 0 0 -0.25 0.5 0 0 0 0 0.5 1 0.042 0.045 0.998 0.045 0.051 1 0.043 0.049 1
"10" 24 24 2 0 0 -0.125 0.5 0 0 0 0 0.5 1 0.056 0.055 0.695 0.058 0.045 0.721 0.065 0.054 0.751
"11" 24 24 2 0 0 0.125 0.5 0 0 0 0 0.5 1 0.057 0.042 0.711 0.061 0.047 0.733 0.062 0.052 0.776
"12" 24 24 2 0 0 0.25 0.5 0 0 0 0 0.5 1 0.043 0.064 0.997 0.042 0.056 0.998 0.045 0.064 0.999
"13" 24 24 2 0 0 -0.25 0.5 0.5 0 0 0 0.5 1 0.043 0.066 0.999 0.042 0.057 0.997 0.04 0.06 0.999
"14" 24 24 2 0 0 -0.125 0.5 0.5 0 0 0 0.5 1 0.059 0.05 0.664 0.056 0.049 0.682 0.065 0.054 0.743
"15" 24 24 2 0 0 0.125 0.5 0.5 0 0 0 0.5 1 0.049 0.044 0.684 0.041 0.036 0.717 0.055 0.043 0.748
"16" 24 24 2 0 0 0.25 0.5 0.5 0 0 0 0.5 1 0.049 0.046 0.998 0.045 0.056 0.998 0.051 0.056 1
"17" 24 24 2 0 0 -0.25 0.5 1 0 0 0 0.5 1 0.05 0.058 0.994 0.044 0.052 0.994 0.054 0.068 1
"18" 24 24 2 0 0 -0.125 0.5 1 0 0 0 0.5 1 0.056 0.044 0.621 0.052 0.04 0.611 0.052 0.047 0.69
"19" 24 24 2 0 0 0.125 0.5 1 0 0 0 0.5 1 0.061 0.051 0.615 0.056 0.047 0.61 0.052 0.053 0.716
"20" 24 24 2 0 0 0.25 0.5 1 0 0 0 0.5 1 0.038 0.044 0.994 0.046 0.038 0.986 0.047 0.046 0.998
"21" 24 24 2 0 0 -0.25 0.5 -1 0.125 0.125 0 0.5 1 0.085 0.152 0.996 0.127 0.322 0.993 0.214 0.82 0.998
"22" 24 24 2 0 0 -0.125 0.5 -1 0.125 0.125 0 0.5 1 0.083 0.181 0.675 0.126 0.39 0.645 0.21 0.85 0.738
"23" 24 24 2 0 0 0.125 0.5 -1 0.125 0.125 0 0.5 1 0.114 0.253 0.499 0.161 0.434 0.503 0.254 0.891 0.61
"24" 24 24 2 0 0 0.25 0.5 -1 0.125 0.125 0 0.5 1 0.114 0.273 0.991 0.151 0.443 0.979 0.244 0.911 0.996
"25" 24 24 2 0 0 -0.25 0.5 -0.5 0.125 0.125 0 0.5 1 0.06 0.047 0.999 0.076 0.14 0.999 0.117 0.404 1
"26" 24 24 2 0 0 -0.125 0.5 -0.5 0.125 0.125 0 0.5 1 0.063 0.064 0.709 0.078 0.171 0.778 0.118 0.458 0.835
"27" 24 24 2 0 0 0.125 0.5 -0.5 0.125 0.125 0 0.5 1 0.059 0.076 0.62 0.088 0.172 0.619 0.143 0.446 0.575
"28" 24 24 2 0 0 0.25 0.5 -0.5 0.125 0.125 0 0.5 1 0.048 0.075 0.998 0.08 0.186 0.997 0.134 0.446 0.998
"29" 24 24 2 0 0 -0.25 0.5 0 0.125 0.125 0 0.5 1 0.043 0.059 0.999 0.045 0.048 1 0.04 0.049 1
"30" 24 24 2 0 0 -0.125 0.5 0 0.125 0.125 0 0.5 1 0.073 0.048 0.744 0.06 0.047 0.813 0.057 0.053 0.866
"31" 24 24 2 0 0 0.125 0.5 0 0.125 0.125 0 0.5 1 0.052 0.06 0.655 0.058 0.047 0.61 0.053 0.04 0.55
"32" 24 24 2 0 0 0.25 0.5 0 0.125 0.125 0 0.5 1 0.047 0.051 0.995 0.045 0.043 0.994 0.048 0.05 0.993
"33" 24 24 2 0 0 -0.25 0.5 0.5 0.125 0.125 0 0.5 1 0.052 0.05 0.998 0.068 0.136 1 0.119 0.403 1
"34" 24 24 2 0 0 -0.125 0.5 0.5 0.125 0.125 0 0.5 1 0.058 0.065 0.713 0.086 0.178 0.773 0.134 0.434 0.847
"35" 24 24 2 0 0 0.125 0.5 0.5 0.125 0.125 0 0.5 1 0.06 0.091 0.628 0.083 0.215 0.65 0.124 0.448 0.605
"36" 24 24 2 0 0 0.25 0.5 0.5 0.125 0.125 0 0.5 1 0.071 0.095 0.998 0.085 0.189 0.996 0.124 0.458 0.998
"37" 24 24 2 0 0 -0.25 0.5 1 0.125 0.125 0 0.5 1 0.083 0.16 1 0.116 0.329 0.991 0.196 0.827 1
"38" 24 24 2 0 0 -0.125 0.5 1 0.125 0.125 0 0.5 1 0.105 0.166 0.695 0.138 0.359 0.657 0.215 0.853 0.759
"39" 24 24 2 0 0 0.125 0.5 1 0.125 0.125 0 0.5 1 0.094 0.261 0.545 0.141 0.488 0.555 0.237 0.912 0.639
"40" 24 24 2 0 0 0.25 0.5 1 0.125 0.125 0 0.5 1 0.114 0.271 0.989 0.153 0.435 0.981 0.244 0.895 0.999
"41" 24 24 2 0 0 -0.25 0.5 -1 0.25 0.25 0 0.5 1 0.192 0.472 0.999 0.36 0.796 0.994 0.611 1 1
"42" 24 24 2 0 0 -0.125 0.5 -1 0.25 0.25 0 0.5 1 0.225 0.529 0.839 0.414 0.859 0.747 0.659 0.999 0.832
"43" 24 24 2 0 0 0.125 0.5 -1 0.25 0.25 0 0.5 1 0.285 0.672 0.273 0.447 0.904 0.322 0.691 1 0.392
"44" 24 24 2 0 0 0.25 0.5 -1 0.25 0.25 0 0.5 1 0.327 0.742 0.954 0.448 0.888 0.922 0.722 1 0.974
"45" 24 24 2 0 0 -0.25 0.5 -0.5 0.25 0.25 0 0.5 1 0.073 0.127 1 0.155 0.403 1 0.33 0.876 1
"46" 24 24 2 0 0 -0.125 0.5 -0.5 0.25 0.25 0 0.5 1 0.06 0.118 0.826 0.17 0.446 0.909 0.337 0.879 0.963
"47" 24 24 2 0 0 0.125 0.5 -0.5 0.25 0.25 0 0.5 1 0.09 0.167 0.439 0.189 0.502 0.303 0.365 0.903 0.137
"48" 24 24 2 0 0 0.25 0.5 -0.5 0.25 0.25 0 0.5 1 0.107 0.205 0.988 0.209 0.495 0.961 0.376 0.892 0.893
"49" 24 24 2 0 0 -0.25 0.5 0 0.25 0.25 0 0.5 1 0.051 0.053 0.999 0.044 0.053 1 0.043 0.05 1
"50" 24 24 2 0 0 -0.125 0.5 0 0.25 0.25 0 0.5 1 0.046 0.035 0.789 0.043 0.038 0.94 0.045 0.042 0.974
"51" 24 24 2 0 0 0.125 0.5 0 0.25 0.25 0 0.5 1 0.046 0.042 0.527 0.039 0.04 0.27 0.036 0.056 0.091
"52" 24 24 2 0 0 0.25 0.5 0 0.25 0.25 0 0.5 1 0.054 0.047 0.993 0.046 0.045 0.972 0.046 0.056 0.831
"53" 24 24 2 0 0 -0.25 0.5 0.5 0.25 0.25 0 0.5 1 0.069 0.111 1 0.164 0.366 0.999 0.344 0.851 1
"54" 24 24 2 0 0 -0.125 0.5 0.5 0.25 0.25 0 0.5 1 0.081 0.115 0.817 0.16 0.434 0.897 0.333 0.861 0.965
"55" 24 24 2 0 0 0.125 0.5 0.5 0.25 0.25 0 0.5 1 0.078 0.176 0.423 0.182 0.514 0.308 0.356 0.896 0.155
"56" 24 24 2 0 0 0.25 0.5 0.5 0.25 0.25 0 0.5 1 0.101 0.215 0.989 0.186 0.513 0.972 0.368 0.899 0.903
"57" 24 24 2 0 0 -0.25 0.5 1 0.25 0.25 0 0.5 1 0.193 0.496 1 0.364 0.794 0.995 0.647 1 0.999
"58" 24 24 2 0 0 -0.125 0.5 1 0.25 0.25 0 0.5 1 0.214 0.557 0.83 0.377 0.867 0.723 0.605 1 0.827
"59" 24 24 2 0 0 0.125 0.5 1 0.25 0.25 0 0.5 1 0.282 0.695 0.294 0.46 0.904 0.335 0.711 1 0.393
"60" 24 24 2 0 0 0.25 0.5 1 0.25 0.25 0 0.5 1 0.319 0.748 0.959 0.45 0.891 0.936 0.695 1 0.981
"61" 24 24 2 0 0 -0.25 0.5 -1 0.5 0.5 0 0.5 1 0.614 0.983 1 0.817 0.997 1 0.987 1 1
"62" 24 24 2 0 0 -0.125 0.5 -1 0.5 0.5 0 0.5 1 0.651 0.984 0.995 0.851 1 0.972 0.988 1 0.986
"63" 24 24 2 0 0 0.125 0.5 -1 0.5 0.5 0 0.5 1 0.774 0.997 0.074 0.904 1 0.054 0.99 1 0.069
"64" 24 24 2 0 0 0.25 0.5 -1 0.5 0.5 0 0.5 1 0.826 0.997 0.323 0.897 1 0.272 0.996 1 0.355
"65" 24 24 2 0 0 -0.25 0.5 -0.5 0.5 0.5 0 0.5 1 0.195 0.447 1 0.378 0.756 1 0.735 0.983 1
"66" 24 24 2 0 0 -0.125 0.5 -0.5 0.5 0.5 0 0.5 1 0.227 0.476 0.991 0.422 0.822 0.998 0.747 0.99 1
"67" 24 24 2 0 0 0.125 0.5 -0.5 0.5 0.5 0 0.5 1 0.29 0.608 0.049 0.455 0.847 0.139 0.767 0.99 0.693
"68" 24 24 2 0 0 0.25 0.5 -0.5 0.5 0.5 0 0.5 1 0.313 0.684 0.61 0.492 0.83 0.184 0.811 0.996 0.105
"69" 24 24 2 0 0 -0.25 0.5 0 0.5 0.5 0 0.5 1 0.054 0.051 1 0.047 0.047 1 0.05 0.047 1
"70" 24 24 2 0 0 -0.125 0.5 0 0.5 0.5 0 0.5 1 0.048 0.049 0.98 0.048 0.053 0.999 0.048 0.059 1
"71" 24 24 2 0 0 0.125 0.5 0 0.5 0.5 0 0.5 1 0.052 0.047 0.078 0.051 0.043 0.26 0.052 0.044 0.9
"72" 24 24 2 0 0 0.25 0.5 0 0.5 0.5 0 0.5 1 0.048 0.049 0.766 0.045 0.048 0.088 0.045 0.056 0.297
"73" 24 24 2 0 0 -0.25 0.5 0.5 0.5 0.5 0 0.5 1 0.172 0.434 1 0.372 0.734 1 0.735 0.985 1
"74" 24 24 2 0 0 -0.125 0.5 0.5 0.5 0.5 0 0.5 1 0.212 0.472 0.99 0.411 0.803 0.998 0.751 0.987 1
"75" 24 24 2 0 0 0.125 0.5 0.5 0.5 0.5 0 0.5 1 0.29 0.622 0.054 0.466 0.861 0.175 0.783 0.991 0.711
"76" 24 24 2 0 0 0.25 0.5 0.5 0.5 0.5 0 0.5 1 0.328 0.671 0.602 0.469 0.842 0.164 0.8 0.992 0.11
"77" 24 24 2 0 0 -0.25 0.5 1 0.5 0.5 0 0.5 1 0.622 0.975 1 0.83 0.995 0.999 0.985 1 1
"78" 24 24 2 0 0 -0.125 0.5 1 0.5 0.5 0 0.5 1 0.665 0.989 0.996 0.865 0.998 0.97 0.987 1 0.984
"79" 24 24 2 0 0 0.125 0.5 1 0.5 0.5 0 0.5 1 0.79 0.999 0.09 0.909 1 0.039 0.998 1 0.07
"80" 24 24 2 0 0 0.25 0.5 1 0.5 0.5 0 0.5 1 0.832 0.998 0.323 0.896 0.998 0.272 0.997 1 0.336
