"N_s" "N_t" "Pr_0" "Pr_1" "Pr_2" "Pr_3" "Pr_SD" "Br_0" "Br_1" "Br_2" "Br_3" "Br_SD" "B.dp" "W.dp" "BxW.dp" "B.Ap" "W.Ap" "BxW.Ap" "B.Pr" "W.Pr" "BxW.Pr"
"1" 24 24 0.6 0 0 -0.05 0.1 0.3 0 0 0 0.1 0.056 0.049 0.976 0.059 0.05 0.986 0.066 0.05 0.993
"2" 24 24 0.6 0 0 -0.025 0.1 0.3 0 0 0 0.1 0.056 0.048 0.507 0.044 0.044 0.526 0.042 0.05 0.566
"3" 24 24 0.6 0 0 0.025 0.1 0.3 0 0 0 0.1 0.045 0.05 0.487 0.051 0.048 0.524 0.054 0.053 0.583
"4" 24 24 0.6 0 0 0.05 0.1 0.3 0 0 0 0.1 0.042 0.057 0.977 0.048 0.05 0.985 0.041 0.055 0.996
"5" 24 24 0.6 0 0 -0.05 0.1 0.4 0 0 0 0.1 0.04 0.047 0.983 0.046 0.06 0.981 0.05 0.059 0.99
"6" 24 24 0.6 0 0 -0.025 0.1 0.4 0 0 0 0.1 0.049 0.053 0.525 0.047 0.04 0.533 0.052 0.045 0.574
"7" 24 24 0.6 0 0 0.025 0.1 0.4 0 0 0 0.1 0.051 0.044 0.535 0.053 0.047 0.532 0.05 0.048 0.574
"8" 24 24 0.6 0 0 0.05 0.1 0.4 0 0 0 0.1 0.048 0.04 0.985 0.049 0.028 0.986 0.05 0.035 0.994
"9" 24 24 0.6 0 0 -0.05 0.1 0.5 0 0 0 0.1 0.051 0.064 0.985 0.053 0.059 0.982 0.059 0.06 0.987
"10" 24 24 0.6 0 0 -0.025 0.1 0.5 0 0 0 0.1 0.057 0.064 0.526 0.055 0.062 0.54 0.056 0.064 0.56
"11" 24 24 0.6 0 0 0.025 0.1 0.5 0 0 0 0.1 0.053 0.054 0.543 0.052 0.052 0.525 0.051 0.055 0.566
"12" 24 24 0.6 0 0 0.05 0.1 0.5 0 0 0 0.1 0.05 0.047 0.987 0.046 0.056 0.981 0.049 0.052 0.991
"13" 24 24 0.6 0 0 -0.05 0.1 0.6 0 0 0 0.1 0.045 0.047 0.977 0.051 0.045 0.985 0.052 0.052 0.988
"14" 24 24 0.6 0 0 -0.025 0.1 0.6 0 0 0 0.1 0.045 0.052 0.524 0.047 0.046 0.506 0.046 0.051 0.551
"15" 24 24 0.6 0 0 0.025 0.1 0.6 0 0 0 0.1 0.049 0.051 0.528 0.043 0.05 0.545 0.039 0.047 0.573
"16" 24 24 0.6 0 0 0.05 0.1 0.6 0 0 0 0.1 0.041 0.058 0.976 0.049 0.051 0.98 0.05 0.048 0.984
"17" 24 24 0.6 0 0 -0.05 0.1 0.7 0 0 0 0.1 0.052 0.037 0.98 0.059 0.038 0.983 0.058 0.037 0.992
"18" 24 24 0.6 0 0 -0.025 0.1 0.7 0 0 0 0.1 0.042 0.039 0.496 0.041 0.043 0.527 0.041 0.049 0.586
"19" 24 24 0.6 0 0 0.025 0.1 0.7 0 0 0 0.1 0.044 0.049 0.508 0.05 0.056 0.541 0.05 0.053 0.587
"20" 24 24 0.6 0 0 0.05 0.1 0.7 0 0 0 0.1 0.037 0.046 0.976 0.051 0.039 0.98 0.054 0.041 0.989
"21" 24 24 0.6 0 0 -0.05 0.1 0.3 0.025 0.025 0 0.1 0.079 0.09 0.973 0.058 0.066 0.978 0.048 0.064 0.988
"22" 24 24 0.6 0 0 -0.025 0.1 0.3 0.025 0.025 0 0.1 0.064 0.078 0.477 0.057 0.063 0.521 0.053 0.053 0.585
"23" 24 24 0.6 0 0 0.025 0.1 0.3 0.025 0.025 0 0.1 0.067 0.081 0.513 0.038 0.05 0.514 0.039 0.048 0.55
"24" 24 24 0.6 0 0 0.05 0.1 0.3 0.025 0.025 0 0.1 0.063 0.085 0.981 0.043 0.051 0.985 0.046 0.049 0.99
"25" 24 24 0.6 0 0 -0.05 0.1 0.4 0.025 0.025 0 0.1 0.07 0.057 0.98 0.054 0.044 0.981 0.059 0.045 0.99
"26" 24 24 0.6 0 0 -0.025 0.1 0.4 0.025 0.025 0 0.1 0.056 0.056 0.498 0.046 0.044 0.499 0.046 0.044 0.554
"27" 24 24 0.6 0 0 0.025 0.1 0.4 0.025 0.025 0 0.1 0.044 0.065 0.532 0.042 0.057 0.534 0.048 0.059 0.568
"28" 24 24 0.6 0 0 0.05 0.1 0.4 0.025 0.025 0 0.1 0.068 0.06 0.99 0.057 0.056 0.984 0.061 0.058 0.992
"29" 24 24 0.6 0 0 -0.05 0.1 0.5 0.025 0.025 0 0.1 0.057 0.047 0.979 0.056 0.055 0.987 0.053 0.046 0.989
"30" 24 24 0.6 0 0 -0.025 0.1 0.5 0.025 0.025 0 0.1 0.042 0.049 0.515 0.044 0.051 0.526 0.041 0.053 0.577
"31" 24 24 0.6 0 0 0.025 0.1 0.5 0.025 0.025 0 0.1 0.055 0.045 0.576 0.056 0.04 0.559 0.056 0.041 0.578
"32" 24 24 0.6 0 0 0.05 0.1 0.5 0.025 0.025 0 0.1 0.043 0.045 0.989 0.047 0.047 0.98 0.046 0.042 0.989
"33" 24 24 0.6 0 0 -0.05 0.1 0.6 0.025 0.025 0 0.1 0.053 0.064 0.978 0.046 0.053 0.977 0.045 0.049 0.99
"34" 24 24 0.6 0 0 -0.025 0.1 0.6 0.025 0.025 0 0.1 0.061 0.062 0.529 0.063 0.059 0.539 0.063 0.06 0.591
"35" 24 24 0.6 0 0 0.025 0.1 0.6 0.025 0.025 0 0.1 0.046 0.059 0.538 0.054 0.048 0.518 0.044 0.055 0.54
"36" 24 24 0.6 0 0 0.05 0.1 0.6 0.025 0.025 0 0.1 0.052 0.058 0.983 0.046 0.046 0.981 0.045 0.05 0.987
"37" 24 24 0.6 0 0 -0.05 0.1 0.7 0.025 0.025 0 0.1 0.071 0.08 0.969 0.049 0.064 0.972 0.046 0.059 0.984
"38" 24 24 0.6 0 0 -0.025 0.1 0.7 0.025 0.025 0 0.1 0.071 0.082 0.502 0.057 0.052 0.535 0.051 0.046 0.588
"39" 24 24 0.6 0 0 0.025 0.1 0.7 0.025 0.025 0 0.1 0.07 0.082 0.515 0.051 0.055 0.535 0.047 0.045 0.582
"40" 24 24 0.6 0 0 0.05 0.1 0.7 0.025 0.025 0 0.1 0.064 0.076 0.982 0.055 0.052 0.984 0.056 0.05 0.992
"41" 24 24 0.6 0 0 -0.05 0.1 0.3 0.05 0.05 0 0.1 0.113 0.189 0.945 0.056 0.083 0.977 0.046 0.05 0.989
"42" 24 24 0.6 0 0 -0.025 0.1 0.3 0.05 0.05 0 0.1 0.126 0.187 0.364 0.072 0.078 0.467 0.053 0.044 0.574
"43" 24 24 0.6 0 0 0.025 0.1 0.3 0.05 0.05 0 0.1 0.111 0.189 0.6 0.059 0.063 0.537 0.058 0.059 0.55
"44" 24 24 0.6 0 0 0.05 0.1 0.3 0.05 0.05 0 0.1 0.079 0.179 0.985 0.049 0.068 0.983 0.047 0.061 0.992
"45" 24 24 0.6 0 0 -0.05 0.1 0.4 0.05 0.05 0 0.1 0.048 0.081 0.974 0.039 0.053 0.979 0.036 0.049 0.991
"46" 24 24 0.6 0 0 -0.025 0.1 0.4 0.05 0.05 0 0.1 0.054 0.07 0.445 0.044 0.056 0.5 0.044 0.053 0.592
"47" 24 24 0.6 0 0 0.025 0.1 0.4 0.05 0.05 0 0.1 0.062 0.072 0.641 0.051 0.056 0.587 0.049 0.051 0.571
"48" 24 24 0.6 0 0 0.05 0.1 0.4 0.05 0.05 0 0.1 0.051 0.07 0.987 0.044 0.05 0.977 0.04 0.053 0.983
"49" 24 24 0.6 0 0 -0.05 0.1 0.5 0.05 0.05 0 0.1 0.054 0.052 0.98 0.044 0.052 0.98 0.044 0.048 0.992
"50" 24 24 0.6 0 0 -0.025 0.1 0.5 0.05 0.05 0 0.1 0.049 0.041 0.444 0.058 0.05 0.475 0.057 0.05 0.562
"51" 24 24 0.6 0 0 0.025 0.1 0.5 0.05 0.05 0 0.1 0.04 0.05 0.638 0.039 0.05 0.561 0.042 0.051 0.57
"52" 24 24 0.6 0 0 0.05 0.1 0.5 0.05 0.05 0 0.1 0.055 0.048 0.992 0.06 0.048 0.986 0.058 0.048 0.989
"53" 24 24 0.6 0 0 -0.05 0.1 0.6 0.05 0.05 0 0.1 0.061 0.081 0.961 0.058 0.066 0.975 0.052 0.051 0.991
"54" 24 24 0.6 0 0 -0.025 0.1 0.6 0.05 0.05 0 0.1 0.057 0.077 0.412 0.05 0.051 0.468 0.053 0.046 0.561
"55" 24 24 0.6 0 0 0.025 0.1 0.6 0.05 0.05 0 0.1 0.054 0.09 0.628 0.042 0.059 0.567 0.044 0.052 0.573
"56" 24 24 0.6 0 0 0.05 0.1 0.6 0.05 0.05 0 0.1 0.07 0.082 0.989 0.063 0.048 0.985 0.056 0.047 0.99
"57" 24 24 0.6 0 0 -0.05 0.1 0.7 0.05 0.05 0 0.1 0.104 0.197 0.938 0.073 0.096 0.97 0.053 0.044 0.985
"58" 24 24 0.6 0 0 -0.025 0.1 0.7 0.05 0.05 0 0.1 0.108 0.164 0.357 0.071 0.072 0.478 0.055 0.053 0.585
"59" 24 24 0.6 0 0 0.025 0.1 0.7 0.05 0.05 0 0.1 0.101 0.196 0.641 0.058 0.079 0.584 0.049 0.053 0.582
"60" 24 24 0.6 0 0 0.05 0.1 0.7 0.05 0.05 0 0.1 0.084 0.172 0.991 0.041 0.067 0.985 0.03 0.046 0.992
"61" 24 24 0.6 0 0 -0.05 0.1 0.3 0.1 0.1 0 0.1 0.299 0.605 0.766 0.108 0.22 0.957 0.063 0.05 0.991
"62" 24 24 0.6 0 0 -0.025 0.1 0.3 0.1 0.1 0 0.1 0.275 0.595 0.125 0.096 0.189 0.387 0.055 0.05 0.596
"63" 24 24 0.6 0 0 0.025 0.1 0.3 0.1 0.1 0 0.1 0.261 0.573 0.873 0.065 0.14 0.718 0.044 0.061 0.607
"64" 24 24 0.6 0 0 0.05 0.1 0.3 0.1 0.1 0 0.1 0.249 0.528 0.999 0.06 0.111 0.993 0.049 0.045 0.991
"65" 24 24 0.6 0 0 -0.05 0.1 0.4 0.1 0.1 0 0.1 0.096 0.201 0.822 0.054 0.087 0.943 0.045 0.053 0.984
"66" 24 24 0.6 0 0 -0.025 0.1 0.4 0.1 0.1 0 0.1 0.107 0.172 0.148 0.061 0.078 0.357 0.058 0.048 0.578
"67" 24 24 0.6 0 0 0.025 0.1 0.4 0.1 0.1 0 0.1 0.108 0.182 0.845 0.058 0.069 0.7 0.045 0.058 0.566
"68" 24 24 0.6 0 0 0.05 0.1 0.4 0.1 0.1 0 0.1 0.106 0.185 1 0.055 0.069 0.994 0.053 0.057 0.99
"69" 24 24 0.6 0 0 -0.05 0.1 0.5 0.1 0.1 0 0.1 0.051 0.062 0.838 0.049 0.06 0.952 0.046 0.063 0.989
"70" 24 24 0.6 0 0 -0.025 0.1 0.5 0.1 0.1 0 0.1 0.05 0.058 0.153 0.051 0.05 0.323 0.049 0.048 0.545
"71" 24 24 0.6 0 0 0.025 0.1 0.5 0.1 0.1 0 0.1 0.042 0.043 0.837 0.05 0.036 0.676 0.048 0.036 0.539
"72" 24 24 0.6 0 0 0.05 0.1 0.5 0.1 0.1 0 0.1 0.055 0.055 0.997 0.06 0.057 0.992 0.055 0.048 0.988
"73" 24 24 0.6 0 0 -0.05 0.1 0.6 0.1 0.1 0 0.1 0.111 0.18 0.836 0.062 0.076 0.939 0.048 0.051 0.987
"74" 24 24 0.6 0 0 -0.025 0.1 0.6 0.1 0.1 0 0.1 0.086 0.176 0.135 0.043 0.088 0.337 0.037 0.055 0.586
"75" 24 24 0.6 0 0 0.025 0.1 0.6 0.1 0.1 0 0.1 0.101 0.188 0.852 0.054 0.083 0.679 0.048 0.053 0.539
"76" 24 24 0.6 0 0 0.05 0.1 0.6 0.1 0.1 0 0.1 0.103 0.174 1 0.059 0.062 0.996 0.051 0.052 0.993
"77" 24 24 0.6 0 0 -0.05 0.1 0.7 0.1 0.1 0 0.1 0.322 0.626 0.748 0.116 0.221 0.942 0.058 0.046 0.992
"78" 24 24 0.6 0 0 -0.025 0.1 0.7 0.1 0.1 0 0.1 0.322 0.625 0.112 0.096 0.189 0.329 0.053 0.051 0.559
"79" 24 24 0.6 0 0 0.025 0.1 0.7 0.1 0.1 0 0.1 0.268 0.542 0.889 0.083 0.137 0.693 0.05 0.047 0.581
"80" 24 24 0.6 0 0 0.05 0.1 0.7 0.1 0.1 0 0.1 0.244 0.533 0.999 0.066 0.125 0.994 0.057 0.065 0.993
