"N_s" "N_t" "d_0" "d_1" "d_2" "d_3" "d_SD" "k_0" "k_1" "k_2" "k_3" "k_SD" "S" "B.dp" "W.dp" "BxW.dp" "B.Ap" "W.Ap" "BxW.Ap" "B.Pr" "W.Pr" "BxW.Pr" "BxW.logit"
"1" 12 24 1.5 0 0 0 0.5 0 0 0 0 0 1 0.048 0.042 0.043 0.051 0.045 0.048 0.055 0.048 0.047 0.049
"2" 24 24 1.5 0 0 0 0.5 0 0 0 0 0 1 0.065 0.063 0.055 0.065 0.059 0.053 0.061 0.054 0.054 0.053
"3" 48 24 1.5 0 0 0 0.5 0 0 0 0 0 1 0.045 0.049 0.055 0.042 0.051 0.051 0.044 0.055 0.052 0.053
"4" 12 24 2 0 0 0 0.5 0 0 0 0 0 1 0.045 0.055 0.044 0.046 0.051 0.043 0.049 0.052 0.044 0.049
"5" 24 24 2 0 0 0 0.5 0 0 0 0 0 1 0.053 0.048 0.048 0.054 0.044 0.047 0.055 0.044 0.048 0.045
"6" 48 24 2 0 0 0 0.5 0 0 0 0 0 1 0.054 0.048 0.052 0.052 0.054 0.053 0.055 0.055 0.052 0.055
"7" 12 24 2.5 0 0 0 0.5 0 0 0 0 0 1 0.05 0.054 0.049 0.049 0.045 0.048 0.053 0.048 0.05 0.048
"8" 24 24 2.5 0 0 0 0.5 0 0 0 0 0 1 0.038 0.052 0.047 0.038 0.049 0.051 0.039 0.048 0.05 0.052
"9" 48 24 2.5 0 0 0 0.5 0 0 0 0 0 1 0.06 0.056 0.054 0.052 0.055 0.058 0.057 0.058 0.054 0.059
"10" 12 24 3 0 0 0 0.5 0 0 0 0 0 1 0.052 0.049 0.045 0.042 0.045 0.043 0.044 0.046 0.048 0.055
"11" 24 24 3 0 0 0 0.5 0 0 0 0 0 1 0.041 0.038 0.059 0.042 0.041 0.065 0.044 0.04 0.064 0.074
"12" 48 24 3 0 0 0 0.5 0 0 0 0 0 1 0.037 0.05 0.053 0.048 0.054 0.055 0.044 0.057 0.052 0.055
"13" 12 24 3.5 0 0 0 0.5 0 0 0 0 0 1 0.057 0.055 0.06 0.06 0.048 0.062 0.06 0.051 0.062 0.145
"14" 24 24 3.5 0 0 0 0.5 0 0 0 0 0 1 0.05 0.055 0.046 0.05 0.045 0.048 0.051 0.045 0.05 0.165
"15" 48 24 3.5 0 0 0 0.5 0 0 0 0 0 1 0.058 0.058 0.056 0.046 0.055 0.049 0.048 0.054 0.051 0.143
"16" 12 24 1.5 0.125 0.125 0 0.5 0 0 0 0 0 1 0.165 0.496 0.038 0.164 0.47 0.052 0.17 0.514 0.048 0.04
"17" 24 24 1.5 0.125 0.125 0 0.5 0 0 0 0 0 1 0.341 0.817 0.048 0.315 0.82 0.047 0.347 0.851 0.045 0.042
"18" 48 24 1.5 0.125 0.125 0 0.5 0 0 0 0 0 1 0.546 0.985 0.046 0.522 0.985 0.054 0.552 0.99 0.038 0.044
"19" 12 24 2 0.125 0.125 0 0.5 0 0 0 0 0 1 0.163 0.431 0.055 0.161 0.447 0.066 0.168 0.462 0.063 0.06
"20" 24 24 2 0.125 0.125 0 0.5 0 0 0 0 0 1 0.307 0.755 0.035 0.273 0.782 0.04 0.291 0.801 0.041 0.042
"21" 48 24 2 0.125 0.125 0 0.5 0 0 0 0 0 1 0.518 0.959 0.052 0.52 0.961 0.071 0.531 0.975 0.061 0.055
"22" 12 24 2.5 0.125 0.125 0 0.5 0 0 0 0 0 1 0.156 0.364 0.05 0.149 0.38 0.054 0.154 0.395 0.048 0.057
"23" 24 24 2.5 0.125 0.125 0 0.5 0 0 0 0 0 1 0.265 0.642 0.065 0.258 0.655 0.064 0.265 0.684 0.064 0.072
"24" 48 24 2.5 0.125 0.125 0 0.5 0 0 0 0 0 1 0.515 0.919 0.051 0.511 0.935 0.071 0.522 0.945 0.06 0.042
"25" 12 24 3 0.125 0.125 0 0.5 0 0 0 0 0 1 0.143 0.296 0.047 0.139 0.324 0.051 0.144 0.334 0.052 0.079
"26" 24 24 3 0.125 0.125 0 0.5 0 0 0 0 0 1 0.237 0.517 0.046 0.23 0.554 0.048 0.237 0.553 0.05 0.053
"27" 48 24 3 0.125 0.125 0 0.5 0 0 0 0 0 1 0.463 0.827 0.043 0.455 0.871 0.045 0.466 0.877 0.044 0.049
"28" 12 24 3.5 0.125 0.125 0 0.5 0 0 0 0 0 1 0.142 0.233 0.05 0.121 0.235 0.053 0.132 0.238 0.053 0.143
"29" 24 24 3.5 0.125 0.125 0 0.5 0 0 0 0 0 1 0.236 0.418 0.048 0.234 0.453 0.059 0.243 0.459 0.055 0.174
"30" 48 24 3.5 0.125 0.125 0 0.5 0 0 0 0 0 1 0.407 0.733 0.044 0.401 0.75 0.061 0.411 0.764 0.056 0.117
"31" 12 24 1.5 0.25 0.25 0 0.5 0 0 0 0 0 1 0.5 0.98 0.034 0.47 0.981 0.085 0.509 0.987 0.054 0.039
"32" 24 24 1.5 0.25 0.25 0 0.5 0 0 0 0 0 1 0.826 1 0.048 0.825 0.999 0.141 0.835 1 0.069 0.048
"33" 48 24 1.5 0.25 0.25 0 0.5 0 0 0 0 0 1 0.989 1 0.033 0.983 1 0.295 0.99 1 0.101 0.051
"34" 12 24 2 0.25 0.25 0 0.5 0 0 0 0 0 1 0.507 0.934 0.048 0.484 0.944 0.099 0.509 0.956 0.08 0.055
"35" 24 24 2 0.25 0.25 0 0.5 0 0 0 0 0 1 0.819 1 0.039 0.801 0.999 0.167 0.82 0.999 0.094 0.042
"36" 48 24 2 0.25 0.25 0 0.5 0 0 0 0 0 1 0.988 1 0.051 0.98 1 0.298 0.985 1 0.162 0.061
"37" 12 24 2.5 0.25 0.25 0 0.5 0 0 0 0 0 1 0.478 0.876 0.055 0.471 0.906 0.093 0.487 0.92 0.07 0.056
"38" 24 24 2.5 0.25 0.25 0 0.5 0 0 0 0 0 1 0.789 0.996 0.066 0.768 1 0.148 0.788 1 0.11 0.051
"39" 48 24 2.5 0.25 0.25 0 0.5 0 0 0 0 0 1 0.979 1 0.055 0.976 1 0.254 0.982 1 0.165 0.067
"40" 12 24 3 0.25 0.25 0 0.5 0 0 0 0 0 1 0.464 0.82 0.051 0.427 0.842 0.102 0.445 0.866 0.086 0.077
"41" 24 24 3 0.25 0.25 0 0.5 0 0 0 0 0 1 0.719 0.987 0.061 0.719 0.989 0.133 0.729 0.993 0.109 0.078
"42" 48 24 3 0.25 0.25 0 0.5 0 0 0 0 0 1 0.965 1 0.074 0.956 1 0.213 0.964 1 0.167 0.066
"43" 12 24 3.5 0.25 0.25 0 0.5 0 0 0 0 0 1 0.38 0.701 0.051 0.362 0.724 0.074 0.368 0.731 0.069 0.134
"44" 24 24 3.5 0.25 0.25 0 0.5 0 0 0 0 0 1 0.681 0.957 0.059 0.663 0.963 0.115 0.672 0.965 0.11 0.159
"45" 48 24 3.5 0.25 0.25 0 0.5 0 0 0 0 0 1 0.947 1 0.081 0.941 1 0.224 0.947 1 0.189 0.119
"46" 12 24 1.5 0.5 0.5 0 0.5 0 0 0 0 0 1 0.982 1 0.06 0.978 1 0.64 0.986 1 0.284 0.068
"47" 24 24 1.5 0.5 0.5 0 0.5 0 0 0 0 0 1 1 1 0.068 1 1 0.902 1 1 0.488 0.087
"48" 48 24 1.5 0.5 0.5 0 0.5 0 0 0 0 0 1 1 1 0.061 1 1 0.994 1 1 0.767 0.109
"49" 12 24 2 0.5 0.5 0 0.5 0 0 0 0 0 1 0.966 1 0.047 0.963 1 0.606 0.97 1 0.365 0.055
"50" 24 24 2 0.5 0.5 0 0.5 0 0 0 0 0 1 1 1 0.049 1 1 0.913 1 1 0.655 0.073
"51" 48 24 2 0.5 0.5 0 0.5 0 0 0 0 0 1 1 1 0.033 1 1 0.998 1 1 0.923 0.11
"52" 12 24 2.5 0.5 0.5 0 0.5 0 0 0 0 0 1 0.966 1 0.065 0.952 1 0.581 0.966 1 0.42 0.061
"53" 24 24 2.5 0.5 0.5 0 0.5 0 0 0 0 0 1 1 1 0.075 1 1 0.88 1 1 0.735 0.087
"54" 48 24 2.5 0.5 0.5 0 0.5 0 0 0 0 0 1 1 1 0.101 1 1 0.995 1 1 0.951 0.112
"55" 12 24 3 0.5 0.5 0 0.5 0 0 0 0 0 1 0.927 0.999 0.119 0.925 1 0.519 0.936 1 0.442 0.117
"56" 24 24 3 0.5 0.5 0 0.5 0 0 0 0 0 1 0.999 1 0.215 0.999 1 0.852 0.999 1 0.756 0.125
"57" 48 24 3 0.5 0.5 0 0.5 0 0 0 0 0 1 1 1 0.316 1 1 0.99 1 1 0.961 0.141
"58" 12 24 3.5 0.5 0.5 0 0.5 0 0 0 0 0 1 0.918 0.997 0.177 0.909 0.998 0.457 0.926 0.998 0.432 0.115
"59" 24 24 3.5 0.5 0.5 0 0.5 0 0 0 0 0 1 0.999 1 0.324 1 1 0.801 1 1 0.73 0.181
"60" 48 24 3.5 0.5 0.5 0 0.5 0 0 0 0 0 1 1 1 0.605 1 1 0.983 1 1 0.959 0.177
