"N_s" "N_t" "d_0" "d_1" "d_2" "d_3" "d_SD" "k_0" "k_1" "k_2" "k_3" "k_SD" "S" "B.dp" "W.dp" "BxW.dp" "B.Ap" "W.Ap" "BxW.Ap" "B.Pr" "W.Pr" "BxW.Pr"
"1" 24 24 2 0.125 0.125 -0.25 0.5 -1 0 0 0 0.5 1 0.265 0.655 0.996 0.273 0.688 0.989 0.183 0.717 0.998
"2" 24 24 2 0.25 0.25 -0.25 0.5 -1 0 0 0 0.5 1 0.721 0.996 0.996 0.738 0.999 0.995 0.489 0.998 0.999
"3" 24 24 2 0.5 0.5 -0.25 0.5 -1 0 0 0 0.5 1 1 1 1 1 1 1 0.986 1 1
"4" 24 24 2 0.125 0.125 -0.125 0.5 -1 0 0 0 0.5 1 0.249 0.627 0.658 0.228 0.641 0.669 0.16 0.704 0.727
"5" 24 24 2 0.25 0.25 -0.125 0.5 -1 0 0 0 0.5 1 0.719 0.994 0.676 0.673 0.992 0.766 0.496 0.998 0.735
"6" 24 24 2 0.5 0.5 -0.125 0.5 -1 0 0 0 0.5 1 0.995 1 0.83 0.993 1 0.987 0.971 1 0.843
"7" 24 24 2 0.125 0.125 0.125 0.5 -1 0 0 0 0.5 1 0.207 0.566 0.596 0.169 0.521 0.533 0.149 0.664 0.683
"8" 24 24 2 0.25 0.25 0.125 0.5 -1 0 0 0 0.5 1 0.649 0.993 0.554 0.532 0.967 0.322 0.473 0.996 0.661
"9" 24 24 2 0.5 0.5 0.125 0.5 -1 0 0 0 0.5 1 0.997 1 0.281 0.986 1 0.048 0.965 1 0.372
"10" 24 24 2 0.125 0.125 0.25 0.5 -1 0 0 0 0.5 1 0.209 0.576 0.999 0.138 0.446 0.982 0.13 0.671 1
"11" 24 24 2 0.25 0.25 0.25 0.5 -1 0 0 0 0.5 1 0.634 0.993 0.989 0.479 0.94 0.936 0.465 1 0.996
"12" 24 24 2 0.5 0.5 0.25 0.5 -1 0 0 0 0.5 1 0.997 1 0.952 0.973 1 0.369 0.974 1 0.982
"13" 24 24 2 0.125 0.125 -0.25 0.5 -0.5 0 0 0 0.5 1 0.272 0.709 0.997 0.309 0.815 1 0.229 0.814 1
"14" 24 24 2 0.25 0.25 -0.25 0.5 -0.5 0 0 0 0.5 1 0.78 0.997 0.997 0.837 0.999 1 0.697 1 1
"15" 24 24 2 0.5 0.5 -0.25 0.5 -0.5 0 0 0 0.5 1 0.999 1 1 1 1 1 0.996 1 1
"16" 24 24 2 0.125 0.125 -0.125 0.5 -0.5 0 0 0 0.5 1 0.265 0.703 0.656 0.274 0.76 0.739 0.216 0.781 0.756
"17" 24 24 2 0.25 0.25 -0.125 0.5 -0.5 0 0 0 0.5 1 0.773 0.998 0.712 0.782 1 0.888 0.676 1 0.852
"18" 24 24 2 0.5 0.5 -0.125 0.5 -0.5 0 0 0 0.5 1 1 1 0.816 0.999 1 0.998 0.997 1 0.98
"19" 24 24 2 0.125 0.125 0.125 0.5 -0.5 0 0 0 0.5 1 0.27 0.657 0.654 0.215 0.627 0.598 0.201 0.731 0.692
"20" 24 24 2 0.25 0.25 0.125 0.5 -0.5 0 0 0 0.5 1 0.774 0.996 0.609 0.668 0.992 0.331 0.623 1 0.573
"21" 24 24 2 0.5 0.5 0.125 0.5 -0.5 0 0 0 0.5 1 1 1 0.42 1 1 0.108 0.995 1 0.144
"22" 24 24 2 0.125 0.125 0.25 0.5 -0.5 0 0 0 0.5 1 0.268 0.625 0.996 0.193 0.464 0.995 0.188 0.634 1
"23" 24 24 2 0.25 0.25 0.25 0.5 -0.5 0 0 0 0.5 1 0.759 0.998 0.996 0.567 0.972 0.98 0.577 0.998 1
"24" 24 24 2 0.5 0.5 0.25 0.5 -0.5 0 0 0 0.5 1 0.999 1 0.987 0.99 1 0.322 0.993 1 0.93
"25" 24 24 2 0.125 0.125 -0.25 0.5 0 0 0 0 0.5 1 0.3 0.712 1 0.357 0.834 1 0.289 0.821 1
"26" 24 24 2 0.25 0.25 -0.25 0.5 0 0 0 0 0.5 1 0.813 0.999 0.999 0.898 1 1 0.829 1 1
"27" 24 24 2 0.5 0.5 -0.25 0.5 0 0 0 0 0.5 1 1 1 0.999 1 1 1 1 1 1
"28" 24 24 2 0.125 0.125 -0.125 0.5 0 0 0 0 0.5 1 0.276 0.691 0.736 0.275 0.775 0.807 0.26 0.79 0.813
"29" 24 24 2 0.25 0.25 -0.125 0.5 0 0 0 0 0.5 1 0.805 1 0.718 0.852 1 0.938 0.782 1 0.899
"30" 24 24 2 0.5 0.5 -0.125 0.5 0 0 0 0 0.5 1 1 1 0.81 1 1 0.999 1 1 0.996
"31" 24 24 2 0.125 0.125 0.125 0.5 0 0 0 0 0.5 1 0.278 0.666 0.687 0.234 0.631 0.652 0.233 0.709 0.731
"32" 24 24 2 0.25 0.25 0.125 0.5 0 0 0 0 0.5 1 0.771 1 0.66 0.66 0.994 0.348 0.684 0.999 0.568
"33" 24 24 2 0.5 0.5 0.125 0.5 0 0 0 0 0.5 1 1 1 0.53 0.997 1 0.131 0.999 1 0.08
"34" 24 24 2 0.125 0.125 0.25 0.5 0 0 0 0 0.5 1 0.275 0.674 0.999 0.185 0.524 0.994 0.2 0.656 1
"35" 24 24 2 0.25 0.25 0.25 0.5 0 0 0 0 0.5 1 0.789 0.999 0.998 0.589 0.975 0.971 0.656 0.998 0.999
"36" 24 24 2 0.5 0.5 0.25 0.5 0 0 0 0 0.5 1 1 1 0.997 0.986 1 0.305 0.994 1 0.909
"37" 24 24 2 0.125 0.125 -0.25 0.5 0.5 0 0 0 0.5 1 0.29 0.703 0.999 0.346 0.82 0.997 0.245 0.802 0.999
"38" 24 24 2 0.25 0.25 -0.25 0.5 0.5 0 0 0 0.5 1 0.789 0.996 0.998 0.858 1 0.999 0.697 0.999 1
"39" 24 24 2 0.5 0.5 -0.25 0.5 0.5 0 0 0 0.5 1 1 1 0.999 1 1 1 1 1 1
"40" 24 24 2 0.125 0.125 -0.125 0.5 0.5 0 0 0 0.5 1 0.268 0.678 0.684 0.263 0.766 0.751 0.199 0.769 0.78
"41" 24 24 2 0.25 0.25 -0.125 0.5 0.5 0 0 0 0.5 1 0.77 0.997 0.694 0.759 0.999 0.866 0.64 1 0.844
"42" 24 24 2 0.5 0.5 -0.125 0.5 0.5 0 0 0 0.5 1 1 1 0.832 1 1 0.998 0.995 1 0.975
"43" 24 24 2 0.125 0.125 0.125 0.5 0.5 0 0 0 0.5 1 0.271 0.665 0.68 0.221 0.636 0.615 0.203 0.73 0.709
"44" 24 24 2 0.25 0.25 0.125 0.5 0.5 0 0 0 0.5 1 0.73 0.996 0.63 0.594 0.989 0.375 0.577 0.996 0.618
"45" 24 24 2 0.5 0.5 0.125 0.5 0.5 0 0 0 0.5 1 0.999 1 0.436 0.995 1 0.096 0.991 1 0.156
"46" 24 24 2 0.125 0.125 0.25 0.5 0.5 0 0 0 0.5 1 0.284 0.608 0.998 0.177 0.491 0.996 0.193 0.661 1
"47" 24 24 2 0.25 0.25 0.25 0.5 0.5 0 0 0 0.5 1 0.768 0.995 0.999 0.559 0.971 0.967 0.556 1 1
"48" 24 24 2 0.5 0.5 0.25 0.5 0.5 0 0 0 0.5 1 1 1 0.981 0.988 1 0.329 0.987 1 0.925
"49" 24 24 2 0.125 0.125 -0.25 0.5 1 0 0 0 0.5 1 0.254 0.651 0.997 0.253 0.69 0.989 0.154 0.72 0.999
"50" 24 24 2 0.25 0.25 -0.25 0.5 1 0 0 0 0.5 1 0.727 0.998 0.997 0.725 0.994 0.997 0.513 0.998 0.999
"51" 24 24 2 0.5 0.5 -0.25 0.5 1 0 0 0 0.5 1 0.999 1 1 0.998 1 1 0.974 1 0.998
"52" 24 24 2 0.125 0.125 -0.125 0.5 1 0 0 0 0.5 1 0.235 0.661 0.603 0.214 0.665 0.62 0.148 0.721 0.707
"53" 24 24 2 0.25 0.25 -0.125 0.5 1 0 0 0 0.5 1 0.712 0.999 0.681 0.69 0.998 0.777 0.501 1 0.751
"54" 24 24 2 0.5 0.5 -0.125 0.5 1 0 0 0 0.5 1 1 1 0.835 1 1 0.986 0.978 1 0.854
"55" 24 24 2 0.125 0.125 0.125 0.5 1 0 0 0 0.5 1 0.227 0.592 0.603 0.188 0.513 0.538 0.163 0.667 0.688
"56" 24 24 2 0.25 0.25 0.125 0.5 1 0 0 0 0.5 1 0.651 0.996 0.508 0.53 0.966 0.304 0.449 0.998 0.618
"57" 24 24 2 0.5 0.5 0.125 0.5 1 0 0 0 0.5 1 0.998 1 0.292 0.979 1 0.057 0.965 1 0.4
"58" 24 24 2 0.125 0.125 0.25 0.5 1 0 0 0 0.5 1 0.229 0.567 0.997 0.167 0.433 0.977 0.147 0.674 1
"59" 24 24 2 0.25 0.25 0.25 0.5 1 0 0 0 0.5 1 0.639 0.992 0.992 0.471 0.94 0.936 0.469 0.997 0.999
"60" 24 24 2 0.5 0.5 0.25 0.5 1 0 0 0 0.5 1 0.992 1 0.952 0.955 1 0.359 0.949 1 0.982
"61" 24 24 2 0.125 0.125 -0.25 0.5 -1 0.125 0.125 0 0.5 1 0.441 0.904 0.994 0.559 0.966 0.989 0.588 1 0.998
"62" 24 24 2 0.25 0.25 -0.25 0.5 -1 0.125 0.125 0 0.5 1 0.867 0.999 0.997 0.91 1 0.994 0.869 1 0.997
"63" 24 24 2 0.5 0.5 -0.25 0.5 -1 0.125 0.125 0 0.5 1 1 1 0.998 1 1 0.999 0.998 1 0.998
"64" 24 24 2 0.125 0.125 -0.125 0.5 -1 0.125 0.125 0 0.5 1 0.431 0.919 0.616 0.516 0.961 0.626 0.556 0.999 0.707
"65" 24 24 2 0.25 0.25 -0.125 0.5 -1 0.125 0.125 0 0.5 1 0.866 1 0.626 0.894 0.999 0.745 0.877 1 0.696
"66" 24 24 2 0.5 0.5 -0.125 0.5 -1 0.125 0.125 0 0.5 1 0.999 1 0.66 0.999 1 0.965 1 1 0.66
"67" 24 24 2 0.125 0.125 0.125 0.5 -1 0.125 0.125 0 0.5 1 0.463 0.933 0.619 0.489 0.939 0.523 0.563 1 0.697
"68" 24 24 2 0.25 0.25 0.125 0.5 -1 0.125 0.125 0 0.5 1 0.861 0.999 0.603 0.834 0.997 0.34 0.886 1 0.679
"69" 24 24 2 0.5 0.5 0.125 0.5 -1 0.125 0.125 0 0.5 1 1 1 0.52 0.999 1 0.054 1 1 0.547
"70" 24 24 2 0.125 0.125 0.25 0.5 -1 0.125 0.125 0 0.5 1 0.435 0.944 0.994 0.426 0.912 0.967 0.564 1 0.999
"71" 24 24 2 0.25 0.25 0.25 0.5 -1 0.125 0.125 0 0.5 1 0.862 1 0.993 0.793 0.993 0.91 0.872 1 0.998
"72" 24 24 2 0.5 0.5 0.25 0.5 -1 0.125 0.125 0 0.5 1 0.999 1 0.986 0.992 1 0.35 0.999 1 0.993
"73" 24 24 2 0.125 0.125 -0.25 0.5 -0.5 0.125 0.125 0 0.5 1 0.323 0.797 0.998 0.48 0.94 0.999 0.518 0.996 1
"74" 24 24 2 0.25 0.25 -0.25 0.5 -0.5 0.125 0.125 0 0.5 1 0.834 1 0.999 0.928 1 1 0.905 1 1
"75" 24 24 2 0.5 0.5 -0.25 0.5 -0.5 0.125 0.125 0 0.5 1 1 1 0.999 1 1 1 1 1 1
"76" 24 24 2 0.125 0.125 -0.125 0.5 -0.5 0.125 0.125 0 0.5 1 0.367 0.777 0.655 0.473 0.932 0.795 0.542 0.992 0.841
"77" 24 24 2 0.25 0.25 -0.125 0.5 -0.5 0.125 0.125 0 0.5 1 0.809 0.998 0.673 0.884 1 0.897 0.874 1 0.889
"78" 24 24 2 0.5 0.5 -0.125 0.5 -0.5 0.125 0.125 0 0.5 1 1 1 0.762 1 1 0.997 1 1 0.981
"79" 24 24 2 0.125 0.125 0.125 0.5 -0.5 0.125 0.125 0 0.5 1 0.346 0.825 0.673 0.379 0.92 0.575 0.475 0.99 0.584
"80" 24 24 2 0.25 0.25 0.125 0.5 -0.5 0.125 0.125 0 0.5 1 0.828 0.999 0.663 0.814 0.999 0.304 0.88 1 0.447
"81" 24 24 2 0.5 0.5 0.125 0.5 -0.5 0.125 0.125 0 0.5 1 1 1 0.577 0.998 1 0.089 1 1 0.115
"82" 24 24 2 0.125 0.125 0.25 0.5 -0.5 0.125 0.125 0 0.5 1 0.396 0.813 0.995 0.375 0.845 0.996 0.505 0.987 0.995
"83" 24 24 2 0.25 0.25 0.25 0.5 -0.5 0.125 0.125 0 0.5 1 0.841 1 0.998 0.753 0.992 0.942 0.852 1 0.994
"84" 24 24 2 0.5 0.5 0.25 0.5 -0.5 0.125 0.125 0 0.5 1 1 1 0.994 0.997 1 0.336 0.999 1 0.901
"85" 24 24 2 0.125 0.125 -0.25 0.5 0 0.125 0.125 0 0.5 1 0.301 0.69 0.999 0.362 0.798 0.999 0.3 0.773 1
"86" 24 24 2 0.25 0.25 -0.25 0.5 0 0.125 0.125 0 0.5 1 0.797 0.999 0.997 0.878 0.999 1 0.786 1 1
"87" 24 24 2 0.5 0.5 -0.25 0.5 0 0.125 0.125 0 0.5 1 1 1 1 1 1 1 1 1 1
"88" 24 24 2 0.125 0.125 -0.125 0.5 0 0.125 0.125 0 0.5 1 0.289 0.701 0.726 0.328 0.778 0.876 0.282 0.747 0.905
"89" 24 24 2 0.25 0.25 -0.125 0.5 0 0.125 0.125 0 0.5 1 0.804 0.998 0.744 0.836 1 0.941 0.776 1 0.943
"90" 24 24 2 0.5 0.5 -0.125 0.5 0 0.125 0.125 0 0.5 1 0.999 1 0.824 0.999 1 1 0.999 1 0.996
"91" 24 24 2 0.125 0.125 0.125 0.5 0 0.125 0.125 0 0.5 1 0.261 0.697 0.654 0.21 0.641 0.508 0.215 0.694 0.465
"92" 24 24 2 0.25 0.25 0.125 0.5 0 0.125 0.125 0 0.5 1 0.783 0.994 0.637 0.67 0.989 0.278 0.688 0.996 0.374
"93" 24 24 2 0.5 0.5 0.125 0.5 0 0.125 0.125 0 0.5 1 1 1 0.459 0.999 1 0.157 0.999 1 0.061
"94" 24 24 2 0.125 0.125 0.25 0.5 0 0.125 0.125 0 0.5 1 0.28 0.653 0.995 0.197 0.482 0.992 0.222 0.63 0.994
"95" 24 24 2 0.25 0.25 0.25 0.5 0 0.125 0.125 0 0.5 1 0.743 0.995 0.996 0.573 0.976 0.963 0.636 0.994 0.984
"96" 24 24 2 0.5 0.5 0.25 0.5 0 0.125 0.125 0 0.5 1 1 1 0.994 0.996 1 0.247 0.997 1 0.786
"97" 24 24 2 0.125 0.125 -0.25 0.5 0.5 0.125 0.125 0 0.5 1 0.221 0.571 0.998 0.159 0.489 1 0.072 0.181 1
"98" 24 24 2 0.25 0.25 -0.25 0.5 0.5 0.125 0.125 0 0.5 1 0.725 0.997 1 0.687 0.996 1 0.406 0.967 1
"99" 24 24 2 0.5 0.5 -0.25 0.5 0.5 0.125 0.125 0 0.5 1 0.999 1 1 1 1 1 0.989 1 1
"100" 24 24 2 0.125 0.125 -0.125 0.5 0.5 0.125 0.125 0 0.5 1 0.203 0.515 0.776 0.149 0.366 0.839 0.061 0.129 0.885
"101" 24 24 2 0.25 0.25 -0.125 0.5 0.5 0.125 0.125 0 0.5 1 0.686 0.992 0.821 0.59 0.99 0.931 0.339 0.942 0.922
"102" 24 24 2 0.5 0.5 -0.125 0.5 0.5 0.125 0.125 0 0.5 1 1 1 0.94 0.999 1 1 0.981 1 0.998
"103" 24 24 2 0.125 0.125 0.125 0.5 0.5 0.125 0.125 0 0.5 1 0.173 0.466 0.541 0.081 0.237 0.47 0.049 0.109 0.492
"104" 24 24 2 0.25 0.25 0.125 0.5 0.5 0.125 0.125 0 0.5 1 0.646 0.982 0.468 0.407 0.916 0.231 0.281 0.872 0.378
"105" 24 24 2 0.5 0.5 0.125 0.5 0.5 0.125 0.125 0 0.5 1 0.999 1 0.223 0.985 1 0.174 0.951 1 0.077
"106" 24 24 2 0.125 0.125 0.25 0.5 0.5 0.125 0.125 0 0.5 1 0.16 0.399 0.993 0.077 0.154 0.988 0.053 0.073 0.994
"107" 24 24 2 0.25 0.25 0.25 0.5 0.5 0.125 0.125 0 0.5 1 0.63 0.975 0.994 0.341 0.824 0.946 0.27 0.801 0.986
"108" 24 24 2 0.5 0.5 0.25 0.5 0.5 0.125 0.125 0 0.5 1 0.998 1 0.949 0.958 1 0.206 0.933 1 0.838
"109" 24 24 2 0.125 0.125 -0.25 0.5 1 0.125 0.125 0 0.5 1 0.111 0.279 0.998 0.074 0.138 0.996 0.043 0.082 1
"110" 24 24 2 0.25 0.25 -0.25 0.5 1 0.125 0.125 0 0.5 1 0.527 0.972 1 0.434 0.916 1 0.145 0.574 1
"111" 24 24 2 0.5 0.5 -0.25 0.5 1 0.125 0.125 0 0.5 1 0.996 1 1 0.999 1 1 0.838 1 1
"112" 24 24 2 0.125 0.125 -0.125 0.5 1 0.125 0.125 0 0.5 1 0.11 0.257 0.753 0.07 0.131 0.764 0.046 0.081 0.814
"113" 24 24 2 0.25 0.25 -0.125 0.5 1 0.125 0.125 0 0.5 1 0.482 0.93 0.853 0.35 0.852 0.864 0.136 0.526 0.845
"114" 24 24 2 0.5 0.5 -0.125 0.5 1 0.125 0.125 0 0.5 1 0.988 1 0.971 0.979 1 0.995 0.805 1 0.964
"115" 24 24 2 0.125 0.125 0.125 0.5 1 0.125 0.125 0 0.5 1 0.084 0.15 0.413 0.051 0.047 0.407 0.067 0.107 0.521
"116" 24 24 2 0.25 0.25 0.125 0.5 1 0.125 0.125 0 0.5 1 0.388 0.888 0.289 0.214 0.647 0.198 0.088 0.413 0.427
"117" 24 24 2 0.5 0.5 0.125 0.5 1 0.125 0.125 0 0.5 1 0.983 1 0.068 0.922 1 0.109 0.736 1 0.154
"118" 24 24 2 0.125 0.125 0.25 0.5 1 0.125 0.125 0 0.5 1 0.066 0.113 0.987 0.043 0.036 0.966 0.058 0.135 0.993
"119" 24 24 2 0.25 0.25 0.25 0.5 1 0.125 0.125 0 0.5 1 0.34 0.808 0.965 0.164 0.443 0.899 0.083 0.302 0.993
"120" 24 24 2 0.5 0.5 0.25 0.5 1 0.125 0.125 0 0.5 1 0.979 1 0.795 0.883 0.999 0.222 0.739 1 0.931
"121" 24 24 2 0.125 0.125 -0.25 0.5 -1 0.25 0.25 0 0.5 1 0.661 0.992 0.996 0.826 1 0.992 0.911 1 0.998
"122" 24 24 2 0.25 0.25 -0.25 0.5 -1 0.25 0.25 0 0.5 1 0.936 1 0.998 0.978 1 0.991 0.988 1 0.995
"123" 24 24 2 0.5 0.5 -0.25 0.5 -1 0.25 0.25 0 0.5 1 1 1 0.989 1 1 1 1 1 0.974
"124" 24 24 2 0.125 0.125 -0.125 0.5 -1 0.25 0.25 0 0.5 1 0.662 0.989 0.737 0.807 0.998 0.704 0.909 1 0.762
"125" 24 24 2 0.25 0.25 -0.125 0.5 -1 0.25 0.25 0 0.5 1 0.957 1 0.677 0.978 1 0.745 0.993 1 0.666
"126" 24 24 2 0.5 0.5 -0.125 0.5 -1 0.25 0.25 0 0.5 1 1 1 0.569 1 1 0.953 1 1 0.537
"127" 24 24 2 0.125 0.125 0.125 0.5 -1 0.25 0.25 0 0.5 1 0.719 0.996 0.409 0.786 0.992 0.337 0.933 1 0.475
"128" 24 24 2 0.25 0.25 0.125 0.5 -1 0.25 0.25 0 0.5 1 0.973 1 0.52 0.966 1 0.255 0.994 1 0.547
"129" 24 24 2 0.5 0.5 0.125 0.5 -1 0.25 0.25 0 0.5 1 0.999 1 0.573 0.998 1 0.045 0.999 1 0.523
"130" 24 24 2 0.125 0.125 0.25 0.5 -1 0.25 0.25 0 0.5 1 0.753 0.997 0.981 0.775 0.997 0.927 0.94 1 0.99
"131" 24 24 2 0.25 0.25 0.25 0.5 -1 0.25 0.25 0 0.5 1 0.967 1 0.984 0.949 1 0.807 0.987 1 0.989
"132" 24 24 2 0.5 0.5 0.25 0.5 -1 0.25 0.25 0 0.5 1 1 1 0.991 1 1 0.297 1 1 0.985
"133" 24 24 2 0.125 0.125 -0.25 0.5 -0.5 0.25 0.25 0 0.5 1 0.4 0.864 0.994 0.683 0.986 0.996 0.822 1 1
"134" 24 24 2 0.25 0.25 -0.25 0.5 -0.5 0.25 0.25 0 0.5 1 0.887 1 1 0.977 1 1 0.984 1 1
"135" 24 24 2 0.5 0.5 -0.25 0.5 -0.5 0.25 0.25 0 0.5 1 1 1 0.995 1 1 1 1 1 1
"136" 24 24 2 0.125 0.125 -0.125 0.5 -0.5 0.25 0.25 0 0.5 1 0.458 0.867 0.785 0.666 0.984 0.915 0.784 1 0.964
"137" 24 24 2 0.25 0.25 -0.125 0.5 -0.5 0.25 0.25 0 0.5 1 0.867 1 0.707 0.947 1 0.935 0.976 1 0.964
"138" 24 24 2 0.5 0.5 -0.125 0.5 -0.5 0.25 0.25 0 0.5 1 1 1 0.705 1 1 0.998 1 1 0.99
"139" 24 24 2 0.125 0.125 0.125 0.5 -0.5 0.25 0.25 0 0.5 1 0.453 0.904 0.531 0.579 0.972 0.294 0.768 0.999 0.159
"140" 24 24 2 0.25 0.25 0.125 0.5 -0.5 0.25 0.25 0 0.5 1 0.908 1 0.585 0.926 1 0.157 0.969 1 0.134
"141" 24 24 2 0.5 0.5 0.125 0.5 -0.5 0.25 0.25 0 0.5 1 1 1 0.542 1 1 0.115 1 1 0.062
"142" 24 24 2 0.125 0.125 0.25 0.5 -0.5 0.25 0.25 0 0.5 1 0.521 0.926 0.988 0.608 0.953 0.945 0.786 1 0.859
"143" 24 24 2 0.25 0.25 0.25 0.5 -0.5 0.25 0.25 0 0.5 1 0.885 0.999 0.991 0.867 0.999 0.863 0.964 1 0.864
"144" 24 24 2 0.5 0.5 0.25 0.5 -0.5 0.25 0.25 0 0.5 1 1 1 0.989 1 1 0.21 1 1 0.631
"145" 24 24 2 0.125 0.125 -0.25 0.5 0 0.25 0.25 0 0.5 1 0.288 0.662 0.999 0.338 0.739 1 0.284 0.655 1
"146" 24 24 2 0.25 0.25 -0.25 0.5 0 0.25 0.25 0 0.5 1 0.783 0.997 0.999 0.866 1 1 0.77 0.998 1
"147" 24 24 2 0.5 0.5 -0.25 0.5 0 0.25 0.25 0 0.5 1 1 1 1 1 1 1 1 1 1
"148" 24 24 2 0.125 0.125 -0.125 0.5 0 0.25 0.25 0 0.5 1 0.265 0.671 0.803 0.28 0.717 0.957 0.229 0.653 0.982
"149" 24 24 2 0.25 0.25 -0.125 0.5 0 0.25 0.25 0 0.5 1 0.767 0.998 0.838 0.807 1 0.984 0.753 0.998 0.994
"150" 24 24 2 0.5 0.5 -0.125 0.5 0 0.25 0.25 0 0.5 1 0.999 1 0.899 0.999 1 1 0.999 1 1
"151" 24 24 2 0.125 0.125 0.125 0.5 0 0.25 0.25 0 0.5 1 0.261 0.64 0.524 0.218 0.553 0.216 0.209 0.585 0.082
"152" 24 24 2 0.25 0.25 0.125 0.5 0 0.25 0.25 0 0.5 1 0.736 0.995 0.486 0.643 0.991 0.1 0.644 0.99 0.069
"153" 24 24 2 0.5 0.5 0.125 0.5 0 0.25 0.25 0 0.5 1 0.999 1 0.301 0.996 1 0.287 0.995 1 0.119
"154" 24 24 2 0.125 0.125 0.25 0.5 0 0.25 0.25 0 0.5 1 0.254 0.62 0.991 0.17 0.457 0.943 0.216 0.531 0.801
"155" 24 24 2 0.25 0.25 0.25 0.5 0 0.25 0.25 0 0.5 1 0.743 0.992 0.995 0.564 0.962 0.832 0.633 0.989 0.715
"156" 24 24 2 0.5 0.5 0.25 0.5 0 0.25 0.25 0 0.5 1 0.999 1 0.972 0.988 1 0.132 0.997 1 0.314
"157" 24 24 2 0.125 0.125 -0.25 0.5 0.5 0.25 0.25 0 0.5 1 0.174 0.384 1 0.098 0.173 1 0.052 0.09 1
"158" 24 24 2 0.25 0.25 -0.25 0.5 0.5 0.25 0.25 0 0.5 1 0.637 0.98 1 0.511 0.94 1 0.149 0.476 1
"159" 24 24 2 0.5 0.5 -0.25 0.5 0.5 0.25 0.25 0 0.5 1 0.999 1 1 0.997 1 1 0.934 1 1
"160" 24 24 2 0.125 0.125 -0.125 0.5 0.5 0.25 0.25 0 0.5 1 0.133 0.3 0.89 0.057 0.091 0.945 0.057 0.125 0.987
"161" 24 24 2 0.25 0.25 -0.125 0.5 0.5 0.25 0.25 0 0.5 1 0.588 0.974 0.936 0.405 0.912 0.986 0.154 0.385 0.989
"162" 24 24 2 0.5 0.5 -0.125 0.5 0.5 0.25 0.25 0 0.5 1 1 1 0.992 0.996 1 1 0.886 1 1
"163" 24 24 2 0.125 0.125 0.125 0.5 0.5 0.25 0.25 0 0.5 1 0.09 0.256 0.319 0.049 0.051 0.209 0.076 0.172 0.104
"164" 24 24 2 0.25 0.25 0.125 0.5 0.5 0.25 0.25 0 0.5 1 0.514 0.931 0.193 0.247 0.639 0.058 0.105 0.223 0.049
"165" 24 24 2 0.5 0.5 0.125 0.5 0.5 0.25 0.25 0 0.5 1 0.991 1 0.069 0.955 1 0.362 0.858 1 0.117
"166" 24 24 2 0.125 0.125 0.25 0.5 0.5 0.25 0.25 0 0.5 1 0.097 0.19 0.972 0.054 0.062 0.942 0.085 0.206 0.867
"167" 24 24 2 0.25 0.25 0.25 0.5 0.5 0.25 0.25 0 0.5 1 0.495 0.896 0.94 0.179 0.453 0.809 0.082 0.17 0.791
"168" 24 24 2 0.5 0.5 0.25 0.5 0.5 0.25 0.25 0 0.5 1 0.995 1 0.773 0.908 1 0.094 0.782 1 0.4
"169" 24 24 2 0.125 0.125 -0.25 0.5 1 0.25 0.25 0 0.5 1 0.057 0.059 0.998 0.053 0.084 0.998 0.226 0.825 1
"170" 24 24 2 0.25 0.25 -0.25 0.5 1 0.25 0.25 0 0.5 1 0.275 0.727 1 0.16 0.483 1 0.057 0.072 1
"171" 24 24 2 0.5 0.5 -0.25 0.5 1 0.25 0.25 0 0.5 1 0.97 1 1 0.967 1 1 0.49 0.995 1
"172" 24 24 2 0.125 0.125 -0.125 0.5 1 0.25 0.25 0 0.5 1 0.041 0.053 0.908 0.071 0.135 0.858 0.264 0.859 0.919
"173" 24 24 2 0.25 0.25 -0.125 0.5 1 0.25 0.25 0 0.5 1 0.237 0.655 0.962 0.127 0.323 0.945 0.055 0.102 0.962
"174" 24 24 2 0.5 0.5 -0.125 0.5 1 0.25 0.25 0 0.5 1 0.966 1 0.995 0.936 1 0.999 0.442 0.983 0.997
"175" 24 24 2 0.125 0.125 0.125 0.5 1 0.25 0.25 0 0.5 1 0.063 0.047 0.169 0.111 0.3 0.244 0.33 0.931 0.287
"176" 24 24 2 0.25 0.25 0.125 0.5 1 0.25 0.25 0 0.5 1 0.178 0.433 0.093 0.06 0.091 0.086 0.076 0.23 0.18
"177" 24 24 2 0.5 0.5 0.125 0.5 1 0.25 0.25 0 0.5 1 0.941 1 0.1 0.779 0.996 0.309 0.36 0.951 0.052
"178" 24 24 2 0.125 0.125 0.25 0.5 1 0.25 0.25 0 0.5 1 0.078 0.087 0.89 0.157 0.344 0.902 0.392 0.957 0.956
"179" 24 24 2 0.25 0.25 0.25 0.5 1 0.25 0.25 0 0.5 1 0.151 0.317 0.806 0.044 0.058 0.752 0.072 0.273 0.916
"180" 24 24 2 0.5 0.5 0.25 0.5 1 0.25 0.25 0 0.5 1 0.882 0.999 0.352 0.634 0.98 0.09 0.303 0.936 0.627
"181" 24 24 2 0.125 0.125 -0.25 0.5 -1 0.5 0.5 0 0.5 1 0.943 1 1 0.983 1 1 0.998 1 0.999
"182" 24 24 2 0.25 0.25 -0.25 0.5 -1 0.5 0.5 0 0.5 1 0.996 1 1 0.999 1 1 1 1 0.995
"183" 24 24 2 0.5 0.5 -0.25 0.5 -1 0.5 0.5 0 0.5 1 1 1 0.995 1 1 1 1 1 0.951
"184" 24 24 2 0.125 0.125 -0.125 0.5 -1 0.5 0.5 0 0.5 1 0.951 1 0.977 0.989 1 0.95 1 1 0.938
"185" 24 24 2 0.25 0.25 -0.125 0.5 -1 0.5 0.5 0 0.5 1 1 1 0.933 1 1 0.957 1 1 0.843
"186" 24 24 2 0.5 0.5 -0.125 0.5 -1 0.5 0.5 0 0.5 1 1 1 0.773 1 1 0.994 1 1 0.554
"187" 24 24 2 0.125 0.125 0.125 0.5 -1 0.5 0.5 0 0.5 1 0.982 1 0.054 0.988 1 0.065 0.999 1 0.057
"188" 24 24 2 0.25 0.25 0.125 0.5 -1 0.5 0.5 0 0.5 1 0.999 1 0.079 0.999 1 0.063 1 1 0.078
"189" 24 24 2 0.5 0.5 0.125 0.5 -1 0.5 0.5 0 0.5 1 1 1 0.227 1 1 0.287 1 1 0.192
"190" 24 24 2 0.125 0.125 0.25 0.5 -1 0.5 0.5 0 0.5 1 0.978 1 0.52 0.982 1 0.284 1 1 0.505
"191" 24 24 2 0.25 0.25 0.25 0.5 -1 0.5 0.5 0 0.5 1 1 1 0.699 0.995 1 0.207 1 1 0.613
"192" 24 24 2 0.5 0.5 0.25 0.5 -1 0.5 0.5 0 0.5 1 1 1 0.887 1 1 0.053 1 1 0.761
"193" 24 24 2 0.125 0.125 -0.25 0.5 -0.5 0.5 0.5 0 0.5 1 0.621 0.977 1 0.83 1 1 0.967 1 1
"194" 24 24 2 0.25 0.25 -0.25 0.5 -0.5 0.5 0.5 0 0.5 1 0.934 1 1 0.99 1 1 1 1 1
"195" 24 24 2 0.5 0.5 -0.25 0.5 -0.5 0.5 0.5 0 0.5 1 1 1 1 1 1 1 1 1 1
"196" 24 24 2 0.125 0.125 -0.125 0.5 -0.5 0.5 0.5 0 0.5 1 0.63 0.969 0.978 0.836 0.998 0.996 0.979 1 1
"197" 24 24 2 0.25 0.25 -0.125 0.5 -0.5 0.5 0.5 0 0.5 1 0.945 1 0.949 0.992 1 0.999 1 1 1
"198" 24 24 2 0.5 0.5 -0.125 0.5 -0.5 0.5 0.5 0 0.5 1 1 1 0.921 1 1 0.999 1 1 1
"199" 24 24 2 0.125 0.125 0.125 0.5 -0.5 0.5 0.5 0 0.5 1 0.731 0.991 0.063 0.841 0.997 0.129 0.973 1 0.671
"200" 24 24 2 0.25 0.25 0.125 0.5 -0.5 0.5 0.5 0 0.5 1 0.961 1 0.106 0.974 1 0.213 0.997 1 0.602
"201" 24 24 2 0.5 0.5 0.125 0.5 -0.5 0.5 0.5 0 0.5 1 1 1 0.125 1 1 0.562 1 1 0.619
"202" 24 24 2 0.125 0.125 0.25 0.5 -0.5 0.5 0.5 0 0.5 1 0.739 0.988 0.701 0.816 0.994 0.195 0.981 1 0.065
"203" 24 24 2 0.25 0.25 0.25 0.5 -0.5 0.5 0.5 0 0.5 1 0.971 1 0.782 0.97 0.999 0.156 0.998 1 0.082
"204" 24 24 2 0.5 0.5 0.25 0.5 -0.5 0.5 0.5 0 0.5 1 1 1 0.794 1 1 0.055 1 1 0.095
"205" 24 24 2 0.125 0.125 -0.25 0.5 0 0.5 0.5 0 0.5 1 0.262 0.525 1 0.307 0.609 1 0.257 0.463 1
"206" 24 24 2 0.25 0.25 -0.25 0.5 0 0.5 0.5 0 0.5 1 0.683 0.987 1 0.761 0.994 1 0.675 0.967 1
"207" 24 24 2 0.5 0.5 -0.25 0.5 0 0.5 0.5 0 0.5 1 1 1 1 1 1 1 0.999 1 1
"208" 24 24 2 0.125 0.125 -0.125 0.5 0 0.5 0.5 0 0.5 1 0.24 0.497 0.985 0.272 0.561 1 0.233 0.419 1
"209" 24 24 2 0.25 0.25 -0.125 0.5 0 0.5 0.5 0 0.5 1 0.688 0.983 0.983 0.718 0.989 1 0.661 0.953 1
"210" 24 24 2 0.5 0.5 -0.125 0.5 0 0.5 0.5 0 0.5 1 1 1 0.998 1 1 1 0.999 1 1
"211" 24 24 2 0.125 0.125 0.125 0.5 0 0.5 0.5 0 0.5 1 0.208 0.507 0.068 0.185 0.433 0.304 0.184 0.411 0.899
"212" 24 24 2 0.25 0.25 0.125 0.5 0 0.5 0.5 0 0.5 1 0.647 0.962 0.072 0.595 0.926 0.43 0.601 0.91 0.907
"213" 24 24 2 0.5 0.5 0.125 0.5 0 0.5 0.5 0 0.5 1 0.995 1 0.046 0.992 1 0.872 0.996 1 0.974
"214" 24 24 2 0.125 0.125 0.25 0.5 0 0.5 0.5 0 0.5 1 0.204 0.476 0.742 0.159 0.352 0.092 0.185 0.377 0.302
"215" 24 24 2 0.25 0.25 0.25 0.5 0 0.5 0.5 0 0.5 1 0.646 0.967 0.716 0.487 0.903 0.047 0.575 0.92 0.347
"216" 24 24 2 0.5 0.5 0.25 0.5 0 0.5 0.5 0 0.5 1 0.997 1 0.489 0.978 1 0.196 0.991 1 0.517
"217" 24 24 2 0.125 0.125 -0.25 0.5 0.5 0.5 0.5 0 0.5 1 0.058 0.05 1 0.047 0.054 1 0.274 0.595 1
"218" 24 24 2 0.25 0.25 -0.25 0.5 0.5 0.5 0.5 0 0.5 1 0.268 0.692 1 0.183 0.451 1 0.052 0.067 1
"219" 24 24 2 0.5 0.5 -0.25 0.5 0.5 0.5 0.5 0 0.5 1 0.97 1 1 0.979 1 1 0.577 0.964 1
"220" 24 24 2 0.125 0.125 -0.125 0.5 0.5 0.5 0.5 0 0.5 1 0.048 0.052 0.994 0.07 0.126 0.998 0.336 0.693 1
"221" 24 24 2 0.25 0.25 -0.125 0.5 0.5 0.5 0.5 0 0.5 1 0.225 0.55 1 0.098 0.285 1 0.07 0.083 1
"222" 24 24 2 0.5 0.5 -0.125 0.5 0.5 0.5 0.5 0 0.5 1 0.949 1 1 0.945 0.999 1 0.492 0.927 1
"223" 24 24 2 0.125 0.125 0.125 0.5 0.5 0.5 0.5 0 0.5 1 0.049 0.059 0.075 0.124 0.25 0.26 0.341 0.777 0.757
"224" 24 24 2 0.25 0.25 0.125 0.5 0.5 0.5 0.5 0 0.5 1 0.159 0.389 0.093 0.057 0.093 0.41 0.083 0.136 0.841
"225" 24 24 2 0.5 0.5 0.125 0.5 0.5 0.5 0.5 0 0.5 1 0.914 0.999 0.416 0.791 0.995 0.936 0.4 0.839 0.963
"226" 24 24 2 0.125 0.125 0.25 0.5 0.5 0.5 0.5 0 0.5 1 0.055 0.078 0.458 0.149 0.285 0.122 0.432 0.79 0.128
"227" 24 24 2 0.25 0.25 0.25 0.5 0.5 0.5 0.5 0 0.5 1 0.138 0.288 0.291 0.043 0.037 0.063 0.082 0.19 0.208
"228" 24 24 2 0.5 0.5 0.25 0.5 0.5 0.5 0.5 0 0.5 1 0.885 0.999 0.075 0.632 0.978 0.25 0.32 0.773 0.406
"229" 24 24 2 0.125 0.125 -0.25 0.5 1 0.5 0.5 0 0.5 1 0.176 0.455 1 0.345 0.723 1 0.853 1 1
"230" 24 24 2 0.25 0.25 -0.25 0.5 1 0.5 0.5 0 0.5 1 0.062 0.05 1 0.08 0.07 1 0.488 0.938 1
"231" 24 24 2 0.5 0.5 -0.25 0.5 1 0.5 0.5 0 0.5 1 0.686 0.993 1 0.701 0.973 1 0.046 0.093 1
"232" 24 24 2 0.125 0.125 -0.125 0.5 1 0.5 0.5 0 0.5 1 0.262 0.565 1 0.451 0.85 0.985 0.896 0.999 0.998
"233" 24 24 2 0.25 0.25 -0.125 0.5 1 0.5 0.5 0 0.5 1 0.052 0.056 1 0.074 0.137 0.995 0.553 0.975 1
"234" 24 24 2 0.5 0.5 -0.125 0.5 1 0.5 0.5 0 0.5 1 0.627 0.983 1 0.572 0.937 1 0.052 0.059 1
"235" 24 24 2 0.125 0.125 0.125 0.5 1 0.5 0.5 0 0.5 1 0.357 0.739 0.188 0.559 0.938 0.093 0.939 1 0.113
"236" 24 24 2 0.25 0.25 0.125 0.5 1 0.5 0.5 0 0.5 1 0.085 0.098 0.387 0.197 0.419 0.219 0.687 0.995 0.243
"237" 24 24 2 0.5 0.5 0.125 0.5 1 0.5 0.5 0 0.5 1 0.511 0.91 0.847 0.301 0.631 0.836 0.067 0.112 0.728
"238" 24 24 2 0.125 0.125 0.25 0.5 1 0.5 0.5 0 0.5 1 0.418 0.84 0.166 0.631 0.95 0.235 0.957 1 0.214
"239" 24 24 2 0.25 0.25 0.25 0.5 1 0.5 0.5 0 0.5 1 0.08 0.155 0.05 0.236 0.527 0.103 0.726 0.999 0.099
"240" 24 24 2 0.5 0.5 0.25 0.5 1 0.5 0.5 0 0.5 1 0.395 0.84 0.13 0.143 0.42 0.16 0.061 0.15 0.078
