"N_s" "N_t" "d_0" "d_1" "d_2" "d_3" "d_SD" "k_0" "k_1" "k_2" "k_3" "k_SD" "S" "B.dp" "W.dp" "BxW.dp" "B.Ap" "W.Ap" "BxW.Ap" "B.Pr" "W.Pr" "BxW.Pr"
"1" 24 24 1.5 0.125 0.125 -0.25 0.5 -1 0 0 0 0.5 1 0.268 0.69 1 0.3 0.69 0.988 0.194 0.743 1
"2" 24 24 2 0.125 0.125 -0.25 0.5 -1 0 0 0 0.5 1 0.244 0.659 0.994 0.243 0.704 0.992 0.154 0.731 0.998
"3" 24 24 2.5 0.125 0.125 -0.25 0.5 -1 0 0 0 0.5 1 0.214 0.609 0.994 0.197 0.684 0.997 0.139 0.7 1
"4" 24 24 3 0.125 0.125 -0.25 0.5 -1 0 0 0 0.5 1 0.159 0.565 0.983 0.149 0.677 0.992 0.132 0.671 0.994
"5" 24 24 3.5 0.125 0.125 -0.25 0.5 -1 0 0 0 0.5 1 0.157 0.516 0.972 0.141 0.607 0.995 0.13 0.612 0.992
"6" 24 24 1.5 0.25 0.25 -0.25 0.5 -1 0 0 0 0.5 1 0.759 0.997 0.998 0.833 0.999 0.994 0.563 0.999 1
"7" 24 24 2 0.25 0.25 -0.25 0.5 -1 0 0 0 0.5 1 0.731 0.996 0.998 0.731 0.995 0.996 0.521 1 1
"8" 24 24 2.5 0.25 0.25 -0.25 0.5 -1 0 0 0 0.5 1 0.658 0.992 0.993 0.619 0.997 0.997 0.468 0.997 1
"9" 24 24 3 0.25 0.25 -0.25 0.5 -1 0 0 0 0.5 1 0.547 0.986 0.991 0.51 0.992 0.996 0.427 0.994 0.999
"10" 24 24 3.5 0.25 0.25 -0.25 0.5 -1 0 0 0 0.5 1 0.49 0.976 0.99 0.438 0.991 0.996 0.403 0.992 0.997
"11" 24 24 1.5 0.5 0.5 -0.25 0.5 -1 0 0 0 0.5 1 0.999 1 0.999 1 1 1 0.993 1 0.999
"12" 24 24 2 0.5 0.5 -0.25 0.5 -1 0 0 0 0.5 1 0.996 1 0.999 0.997 1 1 0.981 1 0.999
"13" 24 24 2.5 0.5 0.5 -0.25 0.5 -1 0 0 0 0.5 1 0.999 1 0.998 0.994 1 1 0.966 1 1
"14" 24 24 3 0.5 0.5 -0.25 0.5 -1 0 0 0 0.5 1 0.99 1 0.998 0.976 1 1 0.937 1 0.999
"15" 24 24 3.5 0.5 0.5 -0.25 0.5 -1 0 0 0 0.5 1 0.964 1 0.992 0.95 1 1 0.92 1 1
"16" 24 24 1.5 0.125 0.125 -0.125 0.5 -1 0 0 0 0.5 1 0.224 0.65 0.67 0.235 0.646 0.648 0.161 0.739 0.75
"17" 24 24 2 0.125 0.125 -0.125 0.5 -1 0 0 0 0.5 1 0.266 0.618 0.639 0.256 0.618 0.651 0.184 0.705 0.706
"18" 24 24 2.5 0.125 0.125 -0.125 0.5 -1 0 0 0 0.5 1 0.214 0.616 0.611 0.18 0.688 0.682 0.147 0.699 0.694
"19" 24 24 3 0.125 0.125 -0.125 0.5 -1 0 0 0 0.5 1 0.175 0.541 0.538 0.151 0.633 0.627 0.137 0.633 0.626
"20" 24 24 3.5 0.125 0.125 -0.125 0.5 -1 0 0 0 0.5 1 0.153 0.501 0.499 0.119 0.585 0.58 0.114 0.585 0.585
"21" 24 24 1.5 0.25 0.25 -0.125 0.5 -1 0 0 0 0.5 1 0.743 0.996 0.686 0.741 0.992 0.782 0.558 0.998 0.724
"22" 24 24 2 0.25 0.25 -0.125 0.5 -1 0 0 0 0.5 1 0.716 0.995 0.693 0.681 0.988 0.775 0.505 0.998 0.762
"23" 24 24 2.5 0.25 0.25 -0.125 0.5 -1 0 0 0 0.5 1 0.646 0.991 0.665 0.57 0.991 0.781 0.459 0.997 0.751
"24" 24 24 3 0.25 0.25 -0.125 0.5 -1 0 0 0 0.5 1 0.52 0.989 0.608 0.432 0.996 0.757 0.375 0.997 0.724
"25" 24 24 3.5 0.25 0.25 -0.125 0.5 -1 0 0 0 0.5 1 0.442 0.979 0.541 0.394 0.996 0.676 0.355 0.996 0.663
"26" 24 24 1.5 0.5 0.5 -0.125 0.5 -1 0 0 0 0.5 1 1 1 0.835 1 1 0.994 0.99 1 0.786
"27" 24 24 2 0.5 0.5 -0.125 0.5 -1 0 0 0 0.5 1 1 1 0.818 0.999 1 0.974 0.962 1 0.831
"28" 24 24 2.5 0.5 0.5 -0.125 0.5 -1 0 0 0 0.5 1 0.997 1 0.821 0.989 1 0.978 0.953 1 0.91
"29" 24 24 3 0.5 0.5 -0.125 0.5 -1 0 0 0 0.5 1 0.985 1 0.798 0.972 1 0.963 0.925 1 0.927
"30" 24 24 3.5 0.5 0.5 -0.125 0.5 -1 0 0 0 0.5 1 0.961 1 0.715 0.918 1 0.948 0.883 1 0.909
"31" 24 24 1.5 0.125 0.125 0.125 0.5 -1 0 0 0 0.5 1 0.232 0.642 0.634 0.187 0.489 0.458 0.179 0.714 0.718
"32" 24 24 2 0.125 0.125 0.125 0.5 -1 0 0 0 0.5 1 0.217 0.572 0.605 0.178 0.514 0.528 0.162 0.679 0.704
"33" 24 24 2.5 0.125 0.125 0.125 0.5 -1 0 0 0 0.5 1 0.2 0.555 0.544 0.151 0.558 0.564 0.131 0.637 0.637
"34" 24 24 3 0.125 0.125 0.125 0.5 -1 0 0 0 0.5 1 0.171 0.52 0.533 0.134 0.58 0.575 0.119 0.594 0.598
"35" 24 24 3.5 0.125 0.125 0.125 0.5 -1 0 0 0 0.5 1 0.145 0.487 0.467 0.118 0.524 0.511 0.114 0.523 0.511
"36" 24 24 1.5 0.25 0.25 0.125 0.5 -1 0 0 0 0.5 1 0.738 0.992 0.569 0.612 0.96 0.243 0.552 0.998 0.677
"37" 24 24 2 0.25 0.25 0.125 0.5 -1 0 0 0 0.5 1 0.696 0.995 0.5 0.545 0.97 0.306 0.479 0.998 0.611
"38" 24 24 2.5 0.25 0.25 0.125 0.5 -1 0 0 0 0.5 1 0.585 0.98 0.477 0.471 0.971 0.39 0.399 0.994 0.548
"39" 24 24 3 0.25 0.25 0.125 0.5 -1 0 0 0 0.5 1 0.512 0.98 0.468 0.376 0.977 0.438 0.345 0.992 0.52
"40" 24 24 3.5 0.25 0.25 0.125 0.5 -1 0 0 0 0.5 1 0.437 0.964 0.438 0.337 0.976 0.394 0.318 0.982 0.429
"41" 24 24 1.5 0.5 0.5 0.125 0.5 -1 0 0 0 0.5 1 1 1 0.348 0.993 1 0.123 0.991 1 0.503
"42" 24 24 2 0.5 0.5 0.125 0.5 -1 0 0 0 0.5 1 0.998 1 0.284 0.986 1 0.049 0.969 1 0.437
"43" 24 24 2.5 0.5 0.5 0.125 0.5 -1 0 0 0 0.5 1 0.988 1 0.261 0.963 1 0.053 0.938 1 0.26
"44" 24 24 3 0.5 0.5 0.125 0.5 -1 0 0 0 0.5 1 0.975 1 0.231 0.927 1 0.07 0.902 1 0.172
"45" 24 24 3.5 0.5 0.5 0.125 0.5 -1 0 0 0 0.5 1 0.938 1 0.231 0.877 1 0.053 0.851 1 0.09
"46" 24 24 1.5 0.125 0.125 0.25 0.5 -1 0 0 0 0.5 1 0.26 0.612 0.996 0.175 0.384 0.974 0.198 0.705 0.998
"47" 24 24 2 0.125 0.125 0.25 0.5 -1 0 0 0 0.5 1 0.201 0.561 0.994 0.149 0.436 0.979 0.148 0.656 1
"48" 24 24 2.5 0.125 0.125 0.25 0.5 -1 0 0 0 0.5 1 0.187 0.544 0.986 0.133 0.484 0.992 0.121 0.602 0.998
"49" 24 24 3 0.125 0.125 0.25 0.5 -1 0 0 0 0.5 1 0.168 0.515 0.98 0.132 0.52 0.981 0.121 0.574 0.988
"50" 24 24 3.5 0.125 0.125 0.25 0.5 -1 0 0 0 0.5 1 0.155 0.445 0.972 0.122 0.464 0.985 0.123 0.474 0.985
"51" 24 24 1.5 0.25 0.25 0.25 0.5 -1 0 0 0 0.5 1 0.696 0.998 0.992 0.473 0.908 0.894 0.538 0.999 1
"52" 24 24 2 0.25 0.25 0.25 0.5 -1 0 0 0 0.5 1 0.638 0.991 0.998 0.464 0.948 0.943 0.467 0.999 0.998
"53" 24 24 2.5 0.25 0.25 0.25 0.5 -1 0 0 0 0.5 1 0.585 0.983 0.983 0.402 0.959 0.956 0.375 0.997 0.994
"54" 24 24 3 0.25 0.25 0.25 0.5 -1 0 0 0 0.5 1 0.499 0.983 0.974 0.37 0.982 0.967 0.347 0.993 0.99
"55" 24 24 3.5 0.25 0.25 0.25 0.5 -1 0 0 0 0.5 1 0.395 0.963 0.961 0.296 0.961 0.975 0.294 0.971 0.98
"56" 24 24 1.5 0.5 0.5 0.25 0.5 -1 0 0 0 0.5 1 0.999 1 0.978 0.975 1 0.242 0.988 1 0.993
"57" 24 24 2 0.5 0.5 0.25 0.5 -1 0 0 0 0.5 1 0.995 1 0.951 0.978 1 0.369 0.967 1 0.982
"58" 24 24 2.5 0.5 0.5 0.25 0.5 -1 0 0 0 0.5 1 0.993 1 0.92 0.941 1 0.583 0.915 1 0.943
"59" 24 24 3 0.5 0.5 0.25 0.5 -1 0 0 0 0.5 1 0.981 1 0.892 0.901 1 0.665 0.863 1 0.887
"60" 24 24 3.5 0.5 0.5 0.25 0.5 -1 0 0 0 0.5 1 0.95 1 0.877 0.845 1 0.653 0.826 1 0.77
"61" 24 24 1.5 0.125 0.125 -0.25 0.5 -0.5 0 0 0 0.5 1 0.297 0.733 1 0.363 0.81 0.998 0.285 0.824 1
"62" 24 24 2 0.125 0.125 -0.25 0.5 -0.5 0 0 0 0.5 1 0.288 0.654 0.996 0.313 0.762 0.998 0.227 0.773 0.999
"63" 24 24 2.5 0.125 0.125 -0.25 0.5 -0.5 0 0 0 0.5 1 0.24 0.669 0.997 0.256 0.77 0.997 0.201 0.747 0.998
"64" 24 24 3 0.125 0.125 -0.25 0.5 -0.5 0 0 0 0.5 1 0.231 0.572 0.983 0.223 0.704 0.995 0.196 0.679 0.996
"65" 24 24 3.5 0.125 0.125 -0.25 0.5 -0.5 0 0 0 0.5 1 0.218 0.496 0.969 0.186 0.621 0.981 0.165 0.617 0.983
"66" 24 24 1.5 0.25 0.25 -0.25 0.5 -0.5 0 0 0 0.5 1 0.807 0.999 1 0.894 1 1 0.751 1 1
"67" 24 24 2 0.25 0.25 -0.25 0.5 -0.5 0 0 0 0.5 1 0.797 1 1 0.843 1 1 0.702 1 1
"68" 24 24 2.5 0.25 0.25 -0.25 0.5 -0.5 0 0 0 0.5 1 0.748 0.997 0.995 0.768 1 0.999 0.642 0.999 0.999
"69" 24 24 3 0.25 0.25 -0.25 0.5 -0.5 0 0 0 0.5 1 0.71 0.991 0.988 0.682 0.999 1 0.586 0.999 1
"70" 24 24 3.5 0.25 0.25 -0.25 0.5 -0.5 0 0 0 0.5 1 0.629 0.976 0.971 0.558 0.992 0.998 0.507 0.989 0.996
"71" 24 24 1.5 0.5 0.5 -0.25 0.5 -0.5 0 0 0 0.5 1 1 1 1 1 1 1 1 1 1
"72" 24 24 2 0.5 0.5 -0.25 0.5 -0.5 0 0 0 0.5 1 1 1 0.998 1 1 1 0.998 1 1
"73" 24 24 2.5 0.5 0.5 -0.25 0.5 -0.5 0 0 0 0.5 1 1 1 0.999 1 1 1 0.996 1 1
"74" 24 24 3 0.5 0.5 -0.25 0.5 -0.5 0 0 0 0.5 1 0.999 1 0.999 0.999 1 1 0.992 1 1
"75" 24 24 3.5 0.5 0.5 -0.25 0.5 -0.5 0 0 0 0.5 1 0.994 1 0.997 0.985 1 0.999 0.972 1 0.999
"76" 24 24 1.5 0.125 0.125 -0.125 0.5 -0.5 0 0 0 0.5 1 0.269 0.724 0.739 0.301 0.788 0.783 0.261 0.807 0.811
"77" 24 24 2 0.125 0.125 -0.125 0.5 -0.5 0 0 0 0.5 1 0.297 0.689 0.68 0.292 0.779 0.776 0.231 0.785 0.787
"78" 24 24 2.5 0.125 0.125 -0.125 0.5 -0.5 0 0 0 0.5 1 0.246 0.649 0.624 0.208 0.74 0.734 0.162 0.729 0.727
"79" 24 24 3 0.125 0.125 -0.125 0.5 -0.5 0 0 0 0.5 1 0.225 0.558 0.557 0.197 0.667 0.658 0.173 0.652 0.657
"80" 24 24 3.5 0.125 0.125 -0.125 0.5 -0.5 0 0 0 0.5 1 0.166 0.482 0.48 0.156 0.559 0.568 0.14 0.552 0.565
"81" 24 24 1.5 0.25 0.25 -0.125 0.5 -0.5 0 0 0 0.5 1 0.802 1 0.738 0.835 0.999 0.902 0.74 1 0.858
"82" 24 24 2 0.25 0.25 -0.125 0.5 -0.5 0 0 0 0.5 1 0.773 0.997 0.746 0.787 0.998 0.893 0.672 1 0.863
"83" 24 24 2.5 0.25 0.25 -0.125 0.5 -0.5 0 0 0 0.5 1 0.727 0.996 0.672 0.702 0.996 0.844 0.595 0.999 0.82
"84" 24 24 3 0.25 0.25 -0.125 0.5 -0.5 0 0 0 0.5 1 0.689 0.988 0.626 0.621 0.998 0.8 0.544 0.997 0.772
"85" 24 24 3.5 0.25 0.25 -0.125 0.5 -0.5 0 0 0 0.5 1 0.58 0.958 0.55 0.514 0.982 0.727 0.466 0.98 0.7
"86" 24 24 1.5 0.5 0.5 -0.125 0.5 -0.5 0 0 0 0.5 1 1 1 0.834 1 1 1 1 1 0.982
"87" 24 24 2 0.5 0.5 -0.125 0.5 -0.5 0 0 0 0.5 1 1 1 0.814 1 1 0.999 0.997 1 0.98
"88" 24 24 2.5 0.5 0.5 -0.125 0.5 -0.5 0 0 0 0.5 1 1 1 0.835 1 1 0.996 0.997 1 0.983
"89" 24 24 3 0.5 0.5 -0.125 0.5 -0.5 0 0 0 0.5 1 1 1 0.834 0.996 1 0.994 0.988 1 0.985
"90" 24 24 3.5 0.5 0.5 -0.125 0.5 -0.5 0 0 0 0.5 1 0.994 1 0.824 0.992 1 0.981 0.971 1 0.974
"91" 24 24 1.5 0.125 0.125 0.125 0.5 -0.5 0 0 0 0.5 1 0.306 0.716 0.734 0.243 0.637 0.629 0.239 0.775 0.773
"92" 24 24 2 0.125 0.125 0.125 0.5 -0.5 0 0 0 0.5 1 0.293 0.657 0.654 0.215 0.624 0.613 0.214 0.732 0.713
"93" 24 24 2.5 0.125 0.125 0.125 0.5 -0.5 0 0 0 0.5 1 0.254 0.596 0.58 0.2 0.594 0.598 0.185 0.652 0.643
"94" 24 24 3 0.125 0.125 0.125 0.5 -0.5 0 0 0 0.5 1 0.193 0.572 0.536 0.144 0.563 0.543 0.133 0.591 0.566
"95" 24 24 3.5 0.125 0.125 0.125 0.5 -0.5 0 0 0 0.5 1 0.204 0.46 0.45 0.146 0.485 0.447 0.137 0.485 0.45
"96" 24 24 1.5 0.25 0.25 0.125 0.5 -0.5 0 0 0 0.5 1 0.804 0.999 0.698 0.683 0.991 0.333 0.695 0.999 0.688
"97" 24 24 2 0.25 0.25 0.125 0.5 -0.5 0 0 0 0.5 1 0.775 0.998 0.651 0.644 0.99 0.37 0.612 0.999 0.616
"98" 24 24 2.5 0.25 0.25 0.125 0.5 -0.5 0 0 0 0.5 1 0.697 0.992 0.559 0.529 0.989 0.373 0.482 0.997 0.52
"99" 24 24 3 0.25 0.25 0.125 0.5 -0.5 0 0 0 0.5 1 0.631 0.974 0.422 0.497 0.981 0.328 0.448 0.991 0.405
"100" 24 24 3.5 0.25 0.25 0.125 0.5 -0.5 0 0 0 0.5 1 0.518 0.95 0.342 0.399 0.955 0.267 0.389 0.963 0.291
"101" 24 24 1.5 0.5 0.5 0.125 0.5 -0.5 0 0 0 0.5 1 1 1 0.561 0.999 1 0.129 0.997 1 0.285
"102" 24 24 2 0.5 0.5 0.125 0.5 -0.5 0 0 0 0.5 1 0.999 1 0.447 0.995 1 0.099 0.996 1 0.162
"103" 24 24 2.5 0.5 0.5 0.125 0.5 -0.5 0 0 0 0.5 1 1 1 0.313 0.988 1 0.074 0.983 1 0.094
"104" 24 24 3 0.5 0.5 0.125 0.5 -0.5 0 0 0 0.5 1 0.995 1 0.193 0.966 1 0.07 0.955 1 0.058
"105" 24 24 3.5 0.5 0.5 0.125 0.5 -0.5 0 0 0 0.5 1 0.986 1 0.12 0.94 1 0.085 0.919 1 0.066
"106" 24 24 1.5 0.125 0.125 0.25 0.5 -0.5 0 0 0 0.5 1 0.272 0.685 0.998 0.175 0.489 0.998 0.211 0.693 1
"107" 24 24 2 0.125 0.125 0.25 0.5 -0.5 0 0 0 0.5 1 0.289 0.623 1 0.197 0.514 0.997 0.192 0.675 0.999
"108" 24 24 2.5 0.125 0.125 0.25 0.5 -0.5 0 0 0 0.5 1 0.255 0.564 0.992 0.179 0.486 0.999 0.171 0.576 1
"109" 24 24 3 0.125 0.125 0.25 0.5 -0.5 0 0 0 0.5 1 0.192 0.484 0.982 0.119 0.432 0.992 0.121 0.463 0.992
"110" 24 24 3.5 0.125 0.125 0.25 0.5 -0.5 0 0 0 0.5 1 0.173 0.376 0.952 0.11 0.344 0.971 0.108 0.356 0.971
"111" 24 24 1.5 0.25 0.25 0.25 0.5 -0.5 0 0 0 0.5 1 0.797 1 0.998 0.592 0.969 0.966 0.678 1 0.999
"112" 24 24 2 0.25 0.25 0.25 0.5 -0.5 0 0 0 0.5 1 0.777 0.997 0.998 0.593 0.98 0.978 0.593 1 0.999
"113" 24 24 2.5 0.25 0.25 0.25 0.5 -0.5 0 0 0 0.5 1 0.685 0.989 0.986 0.507 0.973 0.971 0.5 0.99 0.994
"114" 24 24 3 0.25 0.25 0.25 0.5 -0.5 0 0 0 0.5 1 0.619 0.974 0.969 0.416 0.957 0.946 0.414 0.979 0.974
"115" 24 24 3.5 0.25 0.25 0.25 0.5 -0.5 0 0 0 0.5 1 0.547 0.939 0.936 0.372 0.911 0.901 0.36 0.923 0.917
"116" 24 24 1.5 0.5 0.5 0.25 0.5 -0.5 0 0 0 0.5 1 1 1 0.999 0.995 1 0.295 0.999 1 0.989
"117" 24 24 2 0.5 0.5 0.25 0.5 -0.5 0 0 0 0.5 1 1 1 0.98 0.984 1 0.319 0.99 1 0.929
"118" 24 24 2.5 0.5 0.5 0.25 0.5 -0.5 0 0 0 0.5 1 0.997 1 0.952 0.974 1 0.363 0.972 1 0.793
"119" 24 24 3 0.5 0.5 0.25 0.5 -0.5 0 0 0 0.5 1 0.993 1 0.851 0.94 1 0.376 0.931 1 0.625
"120" 24 24 3.5 0.5 0.5 0.25 0.5 -0.5 0 0 0 0.5 1 0.982 1 0.705 0.899 1 0.299 0.885 1 0.42
"121" 24 24 1.5 0.125 0.125 -0.25 0.5 0 0 0 0 0.5 1 0.329 0.78 1 0.416 0.883 1 0.334 0.882 1
"122" 24 24 2 0.125 0.125 -0.25 0.5 0 0 0 0 0.5 1 0.297 0.701 0.998 0.351 0.838 1 0.3 0.842 1
"123" 24 24 2.5 0.125 0.125 -0.25 0.5 0 0 0 0 0.5 1 0.28 0.642 0.998 0.306 0.778 1 0.272 0.763 1
"124" 24 24 3 0.125 0.125 -0.25 0.5 0 0 0 0 0.5 1 0.284 0.582 0.989 0.302 0.714 0.994 0.27 0.695 0.994
"125" 24 24 3.5 0.125 0.125 -0.25 0.5 0 0 0 0 0.5 1 0.244 0.495 0.968 0.252 0.605 0.989 0.233 0.593 0.988
"126" 24 24 1.5 0.25 0.25 -0.25 0.5 0 0 0 0 0.5 1 0.823 1 1 0.909 1 1 0.837 1 1
"127" 24 24 2 0.25 0.25 -0.25 0.5 0 0 0 0 0.5 1 0.798 1 1 0.886 1 1 0.807 1 1
"128" 24 24 2.5 0.25 0.25 -0.25 0.5 0 0 0 0 0.5 1 0.798 0.995 0.996 0.84 1 1 0.776 1 1
"129" 24 24 3 0.25 0.25 -0.25 0.5 0 0 0 0 0.5 1 0.768 0.992 0.996 0.809 1 1 0.762 0.999 0.999
"130" 24 24 3.5 0.25 0.25 -0.25 0.5 0 0 0 0 0.5 1 0.712 0.979 0.979 0.717 0.993 0.995 0.668 0.993 0.993
"131" 24 24 1.5 0.5 0.5 -0.25 0.5 0 0 0 0 0.5 1 1 1 0.999 1 1 1 1 1 1
"132" 24 24 2 0.5 0.5 -0.25 0.5 0 0 0 0 0.5 1 1 1 1 1 1 1 1 1 1
"133" 24 24 2.5 0.5 0.5 -0.25 0.5 0 0 0 0 0.5 1 1 1 0.998 1 1 1 1 1 1
"134" 24 24 3 0.5 0.5 -0.25 0.5 0 0 0 0 0.5 1 1 1 0.998 1 1 1 0.999 1 1
"135" 24 24 3.5 0.5 0.5 -0.25 0.5 0 0 0 0 0.5 1 0.999 1 0.999 0.999 1 1 0.999 1 1
"136" 24 24 1.5 0.125 0.125 -0.125 0.5 0 0 0 0 0.5 1 0.303 0.76 0.767 0.341 0.815 0.828 0.312 0.819 0.845
"137" 24 24 2 0.125 0.125 -0.125 0.5 0 0 0 0 0.5 1 0.295 0.709 0.704 0.306 0.787 0.804 0.266 0.807 0.798
"138" 24 24 2.5 0.125 0.125 -0.125 0.5 0 0 0 0 0.5 1 0.274 0.606 0.645 0.285 0.717 0.748 0.256 0.715 0.755
"139" 24 24 3 0.125 0.125 -0.125 0.5 0 0 0 0 0.5 1 0.265 0.564 0.564 0.253 0.656 0.67 0.225 0.642 0.651
"140" 24 24 3.5 0.125 0.125 -0.125 0.5 0 0 0 0 0.5 1 0.226 0.46 0.475 0.214 0.533 0.564 0.201 0.527 0.551
"141" 24 24 1.5 0.25 0.25 -0.125 0.5 0 0 0 0 0.5 1 0.83 1 0.757 0.856 1 0.937 0.807 1 0.886
"142" 24 24 2 0.25 0.25 -0.125 0.5 0 0 0 0 0.5 1 0.815 0.996 0.737 0.851 0.999 0.921 0.797 0.999 0.884
"143" 24 24 2.5 0.25 0.25 -0.125 0.5 0 0 0 0 0.5 1 0.754 1 0.692 0.77 1 0.881 0.706 1 0.849
"144" 24 24 3 0.25 0.25 -0.125 0.5 0 0 0 0 0.5 1 0.738 0.988 0.634 0.721 0.996 0.82 0.669 0.995 0.802
"145" 24 24 3.5 0.25 0.25 -0.125 0.5 0 0 0 0 0.5 1 0.684 0.968 0.589 0.649 0.992 0.731 0.616 0.99 0.706
"146" 24 24 1.5 0.5 0.5 -0.125 0.5 0 0 0 0 0.5 1 1 1 0.778 1 1 1 1 1 0.99
"147" 24 24 2 0.5 0.5 -0.125 0.5 0 0 0 0 0.5 1 1 1 0.797 0.999 1 0.999 0.999 1 0.995
"148" 24 24 2.5 0.5 0.5 -0.125 0.5 0 0 0 0 0.5 1 1 1 0.825 1 1 1 1 1 0.992
"149" 24 24 3 0.5 0.5 -0.125 0.5 0 0 0 0 0.5 1 0.998 1 0.832 0.999 1 0.997 0.997 1 0.988
"150" 24 24 3.5 0.5 0.5 -0.125 0.5 0 0 0 0 0.5 1 0.999 1 0.855 0.999 1 0.99 0.995 1 0.984
"151" 24 24 1.5 0.125 0.125 0.125 0.5 0 0 0 0 0.5 1 0.278 0.772 0.768 0.227 0.695 0.674 0.241 0.809 0.785
"152" 24 24 2 0.125 0.125 0.125 0.5 0 0 0 0 0.5 1 0.285 0.687 0.69 0.233 0.628 0.634 0.241 0.704 0.722
"153" 24 24 2.5 0.125 0.125 0.125 0.5 0 0 0 0 0.5 1 0.25 0.601 0.586 0.194 0.57 0.564 0.191 0.622 0.617
"154" 24 24 3 0.125 0.125 0.125 0.5 0 0 0 0 0.5 1 0.236 0.519 0.482 0.198 0.512 0.478 0.195 0.537 0.498
"155" 24 24 3.5 0.125 0.125 0.125 0.5 0 0 0 0 0.5 1 0.218 0.413 0.381 0.177 0.408 0.386 0.17 0.415 0.396
"156" 24 24 1.5 0.25 0.25 0.125 0.5 0 0 0 0 0.5 1 0.819 1 0.736 0.72 0.997 0.36 0.765 1 0.674
"157" 24 24 2 0.25 0.25 0.125 0.5 0 0 0 0 0.5 1 0.81 0.997 0.668 0.705 0.995 0.353 0.703 0.998 0.584
"158" 24 24 2.5 0.25 0.25 0.125 0.5 0 0 0 0 0.5 1 0.751 0.995 0.534 0.648 0.993 0.305 0.634 0.999 0.435
"159" 24 24 3 0.25 0.25 0.125 0.5 0 0 0 0 0.5 1 0.68 0.975 0.422 0.565 0.974 0.271 0.554 0.982 0.329
"160" 24 24 3.5 0.25 0.25 0.125 0.5 0 0 0 0 0.5 1 0.601 0.931 0.318 0.492 0.923 0.202 0.475 0.933 0.228
"161" 24 24 1.5 0.5 0.5 0.125 0.5 0 0 0 0 0.5 1 1 1 0.694 0.998 1 0.123 1 1 0.207
"162" 24 24 2 0.5 0.5 0.125 0.5 0 0 0 0 0.5 1 1 1 0.57 0.998 1 0.107 1 1 0.105
"163" 24 24 2.5 0.5 0.5 0.125 0.5 0 0 0 0 0.5 1 1 1 0.369 0.999 1 0.091 0.999 1 0.053
"164" 24 24 3 0.5 0.5 0.125 0.5 0 0 0 0 0.5 1 0.997 1 0.179 0.986 1 0.113 0.984 1 0.058
"165" 24 24 3.5 0.5 0.5 0.125 0.5 0 0 0 0 0.5 1 0.993 1 0.079 0.97 1 0.114 0.972 1 0.078
"166" 24 24 1.5 0.125 0.125 0.25 0.5 0 0 0 0 0.5 1 0.296 0.746 1 0.184 0.543 0.998 0.243 0.747 1
"167" 24 24 2 0.125 0.125 0.25 0.5 0 0 0 0 0.5 1 0.29 0.683 0.997 0.189 0.515 0.996 0.227 0.66 0.999
"168" 24 24 2.5 0.125 0.125 0.25 0.5 0 0 0 0 0.5 1 0.225 0.602 0.989 0.173 0.477 0.994 0.185 0.562 0.997
"169" 24 24 3 0.125 0.125 0.25 0.5 0 0 0 0 0.5 1 0.235 0.492 0.979 0.169 0.404 0.984 0.173 0.456 0.986
"170" 24 24 3.5 0.125 0.125 0.25 0.5 0 0 0 0 0.5 1 0.187 0.374 0.954 0.136 0.335 0.95 0.143 0.35 0.953
"171" 24 24 1.5 0.25 0.25 0.25 0.5 0 0 0 0 0.5 1 0.829 1 1 0.62 0.986 0.984 0.735 1 1
"172" 24 24 2 0.25 0.25 0.25 0.5 0 0 0 0 0.5 1 0.793 0.997 0.998 0.586 0.983 0.975 0.668 0.998 0.997
"173" 24 24 2.5 0.25 0.25 0.25 0.5 0 0 0 0 0.5 1 0.718 0.992 0.993 0.519 0.963 0.954 0.55 0.987 0.984
"174" 24 24 3 0.25 0.25 0.25 0.5 0 0 0 0 0.5 1 0.657 0.964 0.97 0.47 0.934 0.928 0.466 0.954 0.961
"175" 24 24 3.5 0.25 0.25 0.25 0.5 0 0 0 0 0.5 1 0.589 0.904 0.911 0.426 0.854 0.868 0.432 0.883 0.893
"176" 24 24 1.5 0.5 0.5 0.25 0.5 0 0 0 0 0.5 1 1 1 1 0.992 1 0.331 1 1 0.979
"177" 24 24 2 0.5 0.5 0.25 0.5 0 0 0 0 0.5 1 0.999 1 0.992 0.993 1 0.319 0.999 1 0.893
"178" 24 24 2.5 0.5 0.5 0.25 0.5 0 0 0 0 0.5 1 1 1 0.954 0.989 1 0.296 0.993 1 0.666
"179" 24 24 3 0.5 0.5 0.25 0.5 0 0 0 0 0.5 1 0.995 1 0.86 0.957 1 0.253 0.958 1 0.499
"180" 24 24 3.5 0.5 0.5 0.25 0.5 0 0 0 0 0.5 1 0.985 1 0.636 0.938 1 0.178 0.938 1 0.267
"181" 24 24 1.5 0.125 0.125 -0.25 0.5 0.5 0 0 0 0.5 1 0.306 0.728 0.999 0.362 0.809 1 0.274 0.832 1
"182" 24 24 2 0.125 0.125 -0.25 0.5 0.5 0 0 0 0.5 1 0.299 0.683 0.996 0.325 0.799 0.999 0.24 0.824 0.999
"183" 24 24 2.5 0.125 0.125 -0.25 0.5 0.5 0 0 0 0.5 1 0.279 0.621 0.997 0.288 0.77 0.996 0.218 0.757 0.999
"184" 24 24 3 0.125 0.125 -0.25 0.5 0.5 0 0 0 0.5 1 0.227 0.546 0.984 0.21 0.681 0.992 0.187 0.662 0.994
"185" 24 24 3.5 0.125 0.125 -0.25 0.5 0.5 0 0 0 0.5 1 0.218 0.492 0.967 0.199 0.614 0.982 0.181 0.598 0.979
"186" 24 24 1.5 0.25 0.25 -0.25 0.5 0.5 0 0 0 0.5 1 0.804 1 1 0.885 1 1 0.759 1 1
"187" 24 24 2 0.25 0.25 -0.25 0.5 0.5 0 0 0 0.5 1 0.831 0.998 1 0.871 0.999 1 0.732 0.999 1
"188" 24 24 2.5 0.25 0.25 -0.25 0.5 0.5 0 0 0 0.5 1 0.764 0.996 0.999 0.769 1 1 0.63 1 1
"189" 24 24 3 0.25 0.25 -0.25 0.5 0.5 0 0 0 0.5 1 0.696 0.986 0.992 0.664 1 0.998 0.585 1 0.999
"190" 24 24 3.5 0.25 0.25 -0.25 0.5 0.5 0 0 0 0.5 1 0.623 0.974 0.969 0.572 0.997 0.994 0.532 0.994 0.989
"191" 24 24 1.5 0.5 0.5 -0.25 0.5 0.5 0 0 0 0.5 1 1 1 0.999 1 1 1 1 1 1
"192" 24 24 2 0.5 0.5 -0.25 0.5 0.5 0 0 0 0.5 1 1 1 1 1 1 1 0.998 1 1
"193" 24 24 2.5 0.5 0.5 -0.25 0.5 0.5 0 0 0 0.5 1 1 1 0.999 1 1 1 0.992 1 1
"194" 24 24 3 0.5 0.5 -0.25 0.5 0.5 0 0 0 0.5 1 1 1 0.998 0.999 1 1 0.992 1 1
"195" 24 24 3.5 0.5 0.5 -0.25 0.5 0.5 0 0 0 0.5 1 0.994 1 0.997 0.986 1 1 0.968 1 1
"196" 24 24 1.5 0.125 0.125 -0.125 0.5 0.5 0 0 0 0.5 1 0.29 0.738 0.749 0.313 0.794 0.787 0.255 0.808 0.82
"197" 24 24 2 0.125 0.125 -0.125 0.5 0.5 0 0 0 0.5 1 0.301 0.661 0.674 0.291 0.75 0.749 0.217 0.783 0.764
"198" 24 24 2.5 0.125 0.125 -0.125 0.5 0.5 0 0 0 0.5 1 0.251 0.623 0.622 0.252 0.719 0.73 0.208 0.722 0.726
"199" 24 24 3 0.125 0.125 -0.125 0.5 0.5 0 0 0 0.5 1 0.225 0.579 0.546 0.185 0.657 0.665 0.17 0.654 0.65
"200" 24 24 3.5 0.125 0.125 -0.125 0.5 0.5 0 0 0 0.5 1 0.188 0.493 0.485 0.164 0.56 0.573 0.153 0.56 0.566
"201" 24 24 1.5 0.25 0.25 -0.125 0.5 0.5 0 0 0 0.5 1 0.804 0.999 0.753 0.833 0.998 0.916 0.733 1 0.866
"202" 24 24 2 0.25 0.25 -0.125 0.5 0.5 0 0 0 0.5 1 0.796 0.996 0.724 0.803 0.999 0.89 0.683 1 0.844
"203" 24 24 2.5 0.25 0.25 -0.125 0.5 0.5 0 0 0 0.5 1 0.729 0.996 0.683 0.683 0.996 0.841 0.577 0.999 0.811
"204" 24 24 3 0.25 0.25 -0.125 0.5 0.5 0 0 0 0.5 1 0.686 0.98 0.598 0.624 0.997 0.795 0.558 0.998 0.765
"205" 24 24 3.5 0.25 0.25 -0.125 0.5 0.5 0 0 0 0.5 1 0.605 0.961 0.584 0.515 0.992 0.739 0.492 0.991 0.711
"206" 24 24 1.5 0.5 0.5 -0.125 0.5 0.5 0 0 0 0.5 1 1 1 0.807 1 1 1 1 1 0.964
"207" 24 24 2 0.5 0.5 -0.125 0.5 0.5 0 0 0 0.5 1 1 1 0.827 1 1 0.997 0.997 1 0.983
"208" 24 24 2.5 0.5 0.5 -0.125 0.5 0.5 0 0 0 0.5 1 1 1 0.795 0.998 1 0.997 0.994 1 0.98
"209" 24 24 3 0.5 0.5 -0.125 0.5 0.5 0 0 0 0.5 1 0.996 1 0.827 0.994 1 0.987 0.985 1 0.977
"210" 24 24 3.5 0.5 0.5 -0.125 0.5 0.5 0 0 0 0.5 1 0.994 1 0.823 0.981 1 0.987 0.969 1 0.977
"211" 24 24 1.5 0.125 0.125 0.125 0.5 0.5 0 0 0 0.5 1 0.259 0.73 0.73 0.199 0.632 0.641 0.216 0.762 0.787
"212" 24 24 2 0.125 0.125 0.125 0.5 0.5 0 0 0 0.5 1 0.275 0.66 0.673 0.215 0.627 0.63 0.192 0.707 0.728
"213" 24 24 2.5 0.125 0.125 0.125 0.5 0.5 0 0 0 0.5 1 0.235 0.567 0.585 0.17 0.554 0.572 0.167 0.616 0.65
"214" 24 24 3 0.125 0.125 0.125 0.5 0.5 0 0 0 0.5 1 0.216 0.499 0.499 0.159 0.517 0.516 0.148 0.538 0.544
"215" 24 24 3.5 0.125 0.125 0.125 0.5 0.5 0 0 0 0.5 1 0.184 0.404 0.413 0.142 0.423 0.441 0.135 0.431 0.448
"216" 24 24 1.5 0.25 0.25 0.125 0.5 0.5 0 0 0 0.5 1 0.792 0.997 0.702 0.684 0.992 0.34 0.683 0.999 0.662
"217" 24 24 2 0.25 0.25 0.125 0.5 0.5 0 0 0 0.5 1 0.78 0.997 0.639 0.657 0.991 0.363 0.608 0.998 0.616
"218" 24 24 2.5 0.25 0.25 0.125 0.5 0.5 0 0 0 0.5 1 0.702 0.992 0.537 0.57 0.987 0.34 0.525 0.996 0.478
"219" 24 24 3 0.25 0.25 0.125 0.5 0.5 0 0 0 0.5 1 0.633 0.987 0.447 0.475 0.991 0.321 0.439 0.992 0.388
"220" 24 24 3.5 0.25 0.25 0.125 0.5 0.5 0 0 0 0.5 1 0.531 0.931 0.335 0.41 0.945 0.255 0.387 0.949 0.287
"221" 24 24 1.5 0.5 0.5 0.125 0.5 0.5 0 0 0 0.5 1 1 1 0.585 0.999 1 0.123 0.998 1 0.311
"222" 24 24 2 0.5 0.5 0.125 0.5 0.5 0 0 0 0.5 1 1 1 0.442 0.995 1 0.093 0.996 1 0.162
"223" 24 24 2.5 0.5 0.5 0.125 0.5 0.5 0 0 0 0.5 1 0.998 1 0.309 0.992 1 0.075 0.98 1 0.082
"224" 24 24 3 0.5 0.5 0.125 0.5 0.5 0 0 0 0.5 1 0.993 1 0.17 0.955 1 0.077 0.938 1 0.052
"225" 24 24 3.5 0.5 0.5 0.125 0.5 0.5 0 0 0 0.5 1 0.983 1 0.124 0.926 1 0.084 0.907 1 0.07
"226" 24 24 1.5 0.125 0.125 0.25 0.5 0.5 0 0 0 0.5 1 0.265 0.703 1 0.179 0.505 0.997 0.22 0.725 1
"227" 24 24 2 0.125 0.125 0.25 0.5 0.5 0 0 0 0.5 1 0.277 0.638 0.995 0.207 0.498 1 0.206 0.671 1
"228" 24 24 2.5 0.125 0.125 0.25 0.5 0.5 0 0 0 0.5 1 0.228 0.562 0.995 0.152 0.48 0.997 0.144 0.58 0.999
"229" 24 24 3 0.125 0.125 0.25 0.5 0.5 0 0 0 0.5 1 0.192 0.485 0.984 0.141 0.442 0.985 0.137 0.492 0.988
"230" 24 24 3.5 0.125 0.125 0.25 0.5 0.5 0 0 0 0.5 1 0.147 0.388 0.96 0.098 0.393 0.973 0.096 0.401 0.969
"231" 24 24 1.5 0.25 0.25 0.25 0.5 0.5 0 0 0 0.5 1 0.781 1 0.999 0.564 0.979 0.972 0.627 1 0.999
"232" 24 24 2 0.25 0.25 0.25 0.5 0.5 0 0 0 0.5 1 0.743 0.996 0.996 0.541 0.971 0.97 0.57 0.998 0.997
"233" 24 24 2.5 0.25 0.25 0.25 0.5 0.5 0 0 0 0.5 1 0.717 0.989 0.987 0.518 0.96 0.962 0.501 0.989 0.992
"234" 24 24 3 0.25 0.25 0.25 0.5 0.5 0 0 0 0.5 1 0.596 0.964 0.975 0.41 0.95 0.957 0.39 0.964 0.974
"235" 24 24 3.5 0.25 0.25 0.25 0.5 0.5 0 0 0 0.5 1 0.511 0.931 0.92 0.361 0.899 0.906 0.351 0.912 0.923
"236" 24 24 1.5 0.5 0.5 0.25 0.5 0.5 0 0 0 0.5 1 1 1 0.995 0.985 1 0.306 0.996 1 0.985
"237" 24 24 2 0.5 0.5 0.25 0.5 0.5 0 0 0 0.5 1 1 1 0.983 0.988 1 0.332 0.991 1 0.928
"238" 24 24 2.5 0.5 0.5 0.25 0.5 0.5 0 0 0 0.5 1 0.996 1 0.934 0.974 1 0.392 0.959 1 0.804
"239" 24 24 3 0.5 0.5 0.25 0.5 0.5 0 0 0 0.5 1 0.993 1 0.881 0.957 1 0.374 0.943 1 0.643
"240" 24 24 3.5 0.5 0.5 0.25 0.5 0.5 0 0 0 0.5 1 0.977 1 0.744 0.883 1 0.314 0.853 1 0.427
"241" 24 24 1.5 0.125 0.125 -0.25 0.5 1 0 0 0 0.5 1 0.248 0.656 0.994 0.279 0.669 0.983 0.172 0.732 1
"242" 24 24 2 0.125 0.125 -0.25 0.5 1 0 0 0 0.5 1 0.235 0.662 0.998 0.235 0.701 0.994 0.147 0.74 0.999
"243" 24 24 2.5 0.125 0.125 -0.25 0.5 1 0 0 0 0.5 1 0.198 0.616 0.992 0.18 0.686 0.991 0.139 0.701 0.995
"244" 24 24 3 0.125 0.125 -0.25 0.5 1 0 0 0 0.5 1 0.167 0.582 0.984 0.153 0.685 0.996 0.136 0.665 0.995
"245" 24 24 3.5 0.125 0.125 -0.25 0.5 1 0 0 0 0.5 1 0.165 0.533 0.98 0.15 0.637 0.992 0.137 0.624 0.992
"246" 24 24 1.5 0.25 0.25 -0.25 0.5 1 0 0 0 0.5 1 0.752 0.997 0.996 0.825 0.997 0.995 0.583 1 0.999
"247" 24 24 2 0.25 0.25 -0.25 0.5 1 0 0 0 0.5 1 0.728 0.997 0.997 0.747 0.997 0.998 0.512 0.999 0.998
"248" 24 24 2.5 0.25 0.25 -0.25 0.5 1 0 0 0 0.5 1 0.637 0.993 0.994 0.591 0.995 0.996 0.45 0.999 0.999
"249" 24 24 3 0.25 0.25 -0.25 0.5 1 0 0 0 0.5 1 0.55 0.983 0.991 0.478 0.995 0.995 0.403 0.994 0.995
"250" 24 24 3.5 0.25 0.25 -0.25 0.5 1 0 0 0 0.5 1 0.453 0.973 0.965 0.412 0.992 0.998 0.38 0.992 0.997
"251" 24 24 1.5 0.5 0.5 -0.25 0.5 1 0 0 0 0.5 1 1 1 1 1 1 1 0.991 1 0.998
"252" 24 24 2 0.5 0.5 -0.25 0.5 1 0 0 0 0.5 1 0.999 1 1 0.998 1 1 0.979 1 1
"253" 24 24 2.5 0.5 0.5 -0.25 0.5 1 0 0 0 0.5 1 0.995 1 0.998 0.993 1 0.999 0.963 1 0.999
"254" 24 24 3 0.5 0.5 -0.25 0.5 1 0 0 0 0.5 1 0.981 1 0.995 0.966 1 0.999 0.918 1 0.999
"255" 24 24 3.5 0.5 0.5 -0.25 0.5 1 0 0 0 0.5 1 0.968 1 0.995 0.963 1 1 0.927 1 1
"256" 24 24 1.5 0.125 0.125 -0.125 0.5 1 0 0 0 0.5 1 0.284 0.675 0.671 0.275 0.691 0.653 0.197 0.756 0.758
"257" 24 24 2 0.125 0.125 -0.125 0.5 1 0 0 0 0.5 1 0.244 0.632 0.641 0.218 0.664 0.657 0.159 0.72 0.718
"258" 24 24 2.5 0.125 0.125 -0.125 0.5 1 0 0 0 0.5 1 0.211 0.587 0.582 0.189 0.669 0.665 0.16 0.68 0.688
"259" 24 24 3 0.125 0.125 -0.125 0.5 1 0 0 0 0.5 1 0.18 0.549 0.563 0.158 0.641 0.651 0.141 0.624 0.654
"260" 24 24 3.5 0.125 0.125 -0.125 0.5 1 0 0 0 0.5 1 0.163 0.506 0.508 0.132 0.613 0.602 0.12 0.615 0.595
"261" 24 24 1.5 0.25 0.25 -0.125 0.5 1 0 0 0 0.5 1 0.762 0.996 0.693 0.769 0.992 0.801 0.588 0.999 0.738
"262" 24 24 2 0.25 0.25 -0.125 0.5 1 0 0 0 0.5 1 0.67 0.993 0.691 0.627 0.993 0.792 0.467 0.999 0.744
"263" 24 24 2.5 0.25 0.25 -0.125 0.5 1 0 0 0 0.5 1 0.626 0.992 0.654 0.573 0.994 0.756 0.436 0.998 0.734
"264" 24 24 3 0.25 0.25 -0.125 0.5 1 0 0 0 0.5 1 0.566 0.987 0.597 0.468 0.996 0.752 0.398 0.996 0.717
"265" 24 24 3.5 0.25 0.25 -0.125 0.5 1 0 0 0 0.5 1 0.461 0.974 0.558 0.384 0.995 0.686 0.354 0.995 0.663
"266" 24 24 1.5 0.5 0.5 -0.125 0.5 1 0 0 0 0.5 1 1 1 0.822 1 1 0.994 0.989 1 0.78
"267" 24 24 2 0.5 0.5 -0.125 0.5 1 0 0 0 0.5 1 0.996 1 0.85 0.997 1 0.977 0.972 1 0.867
"268" 24 24 2.5 0.5 0.5 -0.125 0.5 1 0 0 0 0.5 1 0.991 1 0.839 0.985 1 0.971 0.944 1 0.899
"269" 24 24 3 0.5 0.5 -0.125 0.5 1 0 0 0 0.5 1 0.984 1 0.783 0.963 1 0.958 0.924 1 0.911
"270" 24 24 3.5 0.5 0.5 -0.125 0.5 1 0 0 0 0.5 1 0.964 1 0.709 0.938 1 0.946 0.913 1 0.908
"271" 24 24 1.5 0.125 0.125 0.125 0.5 1 0 0 0 0.5 1 0.243 0.633 0.636 0.202 0.493 0.466 0.181 0.708 0.705
"272" 24 24 2 0.125 0.125 0.125 0.5 1 0 0 0 0.5 1 0.24 0.59 0.592 0.197 0.513 0.506 0.176 0.673 0.668
"273" 24 24 2.5 0.125 0.125 0.125 0.5 1 0 0 0 0.5 1 0.183 0.552 0.585 0.143 0.568 0.594 0.123 0.652 0.648
"274" 24 24 3 0.125 0.125 0.125 0.5 1 0 0 0 0.5 1 0.166 0.509 0.513 0.128 0.553 0.546 0.116 0.588 0.573
"275" 24 24 3.5 0.125 0.125 0.125 0.5 1 0 0 0 0.5 1 0.161 0.479 0.477 0.113 0.517 0.49 0.112 0.531 0.505
"276" 24 24 1.5 0.25 0.25 0.125 0.5 1 0 0 0 0.5 1 0.72 0.995 0.545 0.568 0.961 0.258 0.534 1 0.645
"277" 24 24 2 0.25 0.25 0.125 0.5 1 0 0 0 0.5 1 0.669 0.989 0.546 0.531 0.952 0.316 0.485 0.997 0.644
"278" 24 24 2.5 0.25 0.25 0.125 0.5 1 0 0 0 0.5 1 0.571 0.988 0.494 0.443 0.98 0.388 0.401 0.997 0.577
"279" 24 24 3 0.25 0.25 0.125 0.5 1 0 0 0 0.5 1 0.525 0.986 0.477 0.403 0.986 0.417 0.36 0.994 0.484
"280" 24 24 3.5 0.25 0.25 0.125 0.5 1 0 0 0 0.5 1 0.427 0.967 0.435 0.312 0.974 0.39 0.293 0.974 0.415
"281" 24 24 1.5 0.5 0.5 0.125 0.5 1 0 0 0 0.5 1 1 1 0.343 0.992 1 0.113 0.99 1 0.497
"282" 24 24 2 0.5 0.5 0.125 0.5 1 0 0 0 0.5 1 0.997 1 0.281 0.979 1 0.064 0.966 1 0.4
"283" 24 24 2.5 0.5 0.5 0.125 0.5 1 0 0 0 0.5 1 0.991 1 0.262 0.969 1 0.051 0.93 1 0.306
"284" 24 24 3 0.5 0.5 0.125 0.5 1 0 0 0 0.5 1 0.969 1 0.247 0.924 1 0.065 0.892 1 0.175
"285" 24 24 3.5 0.5 0.5 0.125 0.5 1 0 0 0 0.5 1 0.943 1 0.247 0.862 1 0.084 0.836 1 0.116
"286" 24 24 1.5 0.125 0.125 0.25 0.5 1 0 0 0 0.5 1 0.23 0.616 0.994 0.149 0.407 0.981 0.166 0.687 0.998
"287" 24 24 2 0.125 0.125 0.25 0.5 1 0 0 0 0.5 1 0.204 0.571 0.996 0.145 0.462 0.973 0.154 0.67 0.998
"288" 24 24 2.5 0.125 0.125 0.25 0.5 1 0 0 0 0.5 1 0.194 0.535 0.983 0.146 0.493 0.979 0.128 0.615 0.994
"289" 24 24 3 0.125 0.125 0.25 0.5 1 0 0 0 0.5 1 0.148 0.499 0.988 0.121 0.517 0.991 0.113 0.557 0.996
"290" 24 24 3.5 0.125 0.125 0.25 0.5 1 0 0 0 0.5 1 0.127 0.448 0.966 0.098 0.461 0.986 0.097 0.475 0.985
"291" 24 24 1.5 0.25 0.25 0.25 0.5 1 0 0 0 0.5 1 0.716 0.995 0.994 0.515 0.898 0.906 0.55 1 0.999
"292" 24 24 2 0.25 0.25 0.25 0.5 1 0 0 0 0.5 1 0.648 0.99 0.995 0.497 0.925 0.909 0.479 0.997 1
"293" 24 24 2.5 0.25 0.25 0.25 0.5 1 0 0 0 0.5 1 0.564 0.986 0.983 0.425 0.956 0.965 0.393 0.995 0.996
"294" 24 24 3 0.25 0.25 0.25 0.5 1 0 0 0 0.5 1 0.491 0.966 0.977 0.353 0.963 0.965 0.328 0.987 0.988
"295" 24 24 3.5 0.25 0.25 0.25 0.5 1 0 0 0 0.5 1 0.407 0.949 0.958 0.296 0.957 0.957 0.296 0.965 0.97
"296" 24 24 1.5 0.5 0.5 0.25 0.5 1 0 0 0 0.5 1 0.997 1 0.967 0.979 1 0.24 0.98 1 0.993
"297" 24 24 2 0.5 0.5 0.25 0.5 1 0 0 0 0.5 1 0.999 1 0.95 0.971 1 0.364 0.962 1 0.991
"298" 24 24 2.5 0.5 0.5 0.25 0.5 1 0 0 0 0.5 1 0.99 1 0.916 0.953 1 0.519 0.929 1 0.959
"299" 24 24 3 0.5 0.5 0.25 0.5 1 0 0 0 0.5 1 0.967 1 0.906 0.9 1 0.681 0.859 1 0.889
"300" 24 24 3.5 0.5 0.5 0.25 0.5 1 0 0 0 0.5 1 0.932 1 0.875 0.817 1 0.646 0.795 1 0.773
