"N_s" "N_t" "Pr_0" "Pr_1" "Pr_2" "Pr_3" "Pr_SD" "Br_0" "Br_1" "Br_2" "Br_3" "Br_SD" "B.dp" "W.dp" "BxW.dp" "B.Ap" "W.Ap" "BxW.Ap" "B.Pr" "W.Pr" "BxW.Pr"
"1" 24 24 0.4 0.025 0.025 -0.05 0.1 0.3 0 0 0 0.1 0.201 0.384 0.937 0.245 0.475 0.954 0.241 0.467 0.973
"2" 24 24 0.5 0.025 0.025 -0.05 0.1 0.3 0 0 0 0.1 0.208 0.382 0.948 0.276 0.49 0.967 0.258 0.522 0.979
"3" 24 24 0.6 0.025 0.025 -0.05 0.1 0.3 0 0 0 0.1 0.221 0.433 0.969 0.286 0.599 0.982 0.281 0.611 0.991
"4" 24 24 0.7 0.025 0.025 -0.05 0.1 0.3 0 0 0 0.1 0.229 0.55 0.993 0.312 0.683 0.999 0.305 0.696 0.999
"5" 24 24 0.8 0.025 0.025 -0.05 0.1 0.3 0 0 0 0.1 0.218 0.695 1 0.312 0.782 1 0.301 0.814 1
"6" 24 24 0.4 0.05 0.05 -0.05 0.1 0.3 0 0 0 0.1 0.609 0.936 0.921 0.721 0.968 0.961 0.715 0.97 0.966
"7" 24 24 0.5 0.05 0.05 -0.05 0.1 0.3 0 0 0 0.1 0.614 0.912 0.933 0.763 0.971 0.976 0.739 0.973 0.976
"8" 24 24 0.6 0.05 0.05 -0.05 0.1 0.3 0 0 0 0.1 0.618 0.961 0.949 0.753 0.985 0.988 0.737 0.992 0.994
"9" 24 24 0.7 0.05 0.05 -0.05 0.1 0.3 0 0 0 0.1 0.641 0.979 0.991 0.808 0.997 0.996 0.789 0.997 0.998
"10" 24 24 0.8 0.05 0.05 -0.05 0.1 0.3 0 0 0 0.1 0.73 0.999 0.999 0.845 1 0.999 0.835 1 1
"11" 24 24 0.4 0.1 0.1 -0.05 0.1 0.3 0 0 0 0.1 0.998 1 0.829 1 1 0.99 1 1 0.965
"12" 24 24 0.5 0.1 0.1 -0.05 0.1 0.3 0 0 0 0.1 0.996 1 0.834 0.999 1 0.993 0.999 1 0.985
"13" 24 24 0.6 0.1 0.1 -0.05 0.1 0.3 0 0 0 0.1 0.997 1 0.77 1 1 0.996 1 1 0.99
"14" 24 24 0.7 0.1 0.1 -0.05 0.1 0.3 0 0 0 0.1 0.999 1 0.797 1 1 0.998 1 1 0.996
"15" 24 24 0.8 0.1 0.1 -0.05 0.1 0.3 0 0 0 0.1 1 1 0.965 1 1 1 1 1 1
"16" 24 24 0.4 0.025 0.025 -0.025 0.1 0.3 0 0 0 0.1 0.198 0.394 0.375 0.229 0.435 0.434 0.235 0.473 0.462
"17" 24 24 0.5 0.025 0.025 -0.025 0.1 0.3 0 0 0 0.1 0.22 0.426 0.412 0.265 0.485 0.468 0.264 0.509 0.507
"18" 24 24 0.6 0.025 0.025 -0.025 0.1 0.3 0 0 0 0.1 0.226 0.451 0.463 0.274 0.539 0.549 0.282 0.551 0.588
"19" 24 24 0.7 0.025 0.025 -0.025 0.1 0.3 0 0 0 0.1 0.235 0.587 0.57 0.293 0.65 0.625 0.287 0.682 0.661
"20" 24 24 0.8 0.025 0.025 -0.025 0.1 0.3 0 0 0 0.1 0.296 0.763 0.755 0.325 0.762 0.771 0.329 0.799 0.795
"21" 24 24 0.4 0.05 0.05 -0.025 0.1 0.3 0 0 0 0.1 0.643 0.909 0.356 0.709 0.94 0.522 0.717 0.96 0.474
"22" 24 24 0.5 0.05 0.05 -0.025 0.1 0.3 0 0 0 0.1 0.665 0.945 0.354 0.73 0.97 0.545 0.75 0.987 0.521
"23" 24 24 0.6 0.05 0.05 -0.025 0.1 0.3 0 0 0 0.1 0.674 0.96 0.401 0.749 0.983 0.625 0.753 0.989 0.605
"24" 24 24 0.7 0.05 0.05 -0.025 0.1 0.3 0 0 0 0.1 0.719 0.992 0.428 0.798 0.997 0.715 0.812 0.998 0.686
"25" 24 24 0.8 0.05 0.05 -0.025 0.1 0.3 0 0 0 0.1 0.771 1 0.576 0.821 0.999 0.816 0.818 1 0.81
"26" 24 24 0.4 0.1 0.1 -0.025 0.1 0.3 0 0 0 0.1 0.997 1 0.229 0.999 1 0.758 0.999 1 0.47
"27" 24 24 0.5 0.1 0.1 -0.025 0.1 0.3 0 0 0 0.1 0.998 1 0.153 0.999 1 0.764 0.999 1 0.519
"28" 24 24 0.6 0.1 0.1 -0.025 0.1 0.3 0 0 0 0.1 0.998 1 0.101 0.999 1 0.833 0.999 1 0.607
"29" 24 24 0.7 0.1 0.1 -0.025 0.1 0.3 0 0 0 0.1 1 1 0.078 1 1 0.877 1 1 0.731
"30" 24 24 0.8 0.1 0.1 -0.025 0.1 0.3 0 0 0 0.1 1 1 0.202 1 1 0.974 1 1 0.938
"31" 24 24 0.4 0.025 0.025 0.025 0.1 0.3 0 0 0 0.1 0.206 0.405 0.432 0.19 0.373 0.408 0.238 0.46 0.496
"32" 24 24 0.5 0.025 0.025 0.025 0.1 0.3 0 0 0 0.1 0.252 0.45 0.465 0.225 0.434 0.434 0.265 0.525 0.52
"33" 24 24 0.6 0.025 0.025 0.025 0.1 0.3 0 0 0 0.1 0.258 0.534 0.535 0.252 0.503 0.508 0.284 0.577 0.578
"34" 24 24 0.7 0.025 0.025 0.025 0.1 0.3 0 0 0 0.1 0.284 0.662 0.679 0.258 0.607 0.592 0.284 0.664 0.668
"35" 24 24 0.8 0.025 0.025 0.025 0.1 0.3 0 0 0 0.1 0.316 0.847 0.85 0.27 0.695 0.732 0.291 0.774 0.814
"36" 24 24 0.4 0.05 0.05 0.025 0.1 0.3 0 0 0 0.1 0.689 0.935 0.444 0.65 0.927 0.304 0.749 0.967 0.479
"37" 24 24 0.5 0.05 0.05 0.025 0.1 0.3 0 0 0 0.1 0.68 0.969 0.528 0.633 0.942 0.343 0.702 0.979 0.507
"38" 24 24 0.6 0.05 0.05 0.025 0.1 0.3 0 0 0 0.1 0.749 0.985 0.663 0.709 0.967 0.423 0.761 0.992 0.608
"39" 24 24 0.7 0.05 0.05 0.025 0.1 0.3 0 0 0 0.1 0.814 0.998 0.79 0.742 0.99 0.512 0.781 0.998 0.651
"40" 24 24 0.8 0.05 0.05 0.025 0.1 0.3 0 0 0 0.1 0.86 1 0.895 0.782 0.999 0.541 0.811 1 0.686
"41" 24 24 0.4 0.1 0.1 0.025 0.1 0.3 0 0 0 0.1 0.999 1 0.583 0.997 1 0.085 0.999 1 0.471
"42" 24 24 0.5 0.1 0.1 0.025 0.1 0.3 0 0 0 0.1 0.999 1 0.79 0.996 1 0.128 1 1 0.541
"43" 24 24 0.6 0.1 0.1 0.025 0.1 0.3 0 0 0 0.1 1 1 0.929 0.999 1 0.163 1 1 0.556
"44" 24 24 0.7 0.1 0.1 0.025 0.1 0.3 0 0 0 0.1 1 1 0.982 1 1 0.163 1 1 0.555
"45" 24 24 0.8 0.1 0.1 0.025 0.1 0.3 0 0 0 0.1 1 1 0.956 1 1 0.064 1 1 0.224
"46" 24 24 0.4 0.025 0.025 0.05 0.1 0.3 0 0 0 0.1 0.223 0.45 0.952 0.197 0.375 0.939 0.239 0.508 0.975
"47" 24 24 0.5 0.025 0.025 0.05 0.1 0.3 0 0 0 0.1 0.254 0.488 0.96 0.213 0.429 0.962 0.255 0.532 0.982
"48" 24 24 0.6 0.025 0.025 0.05 0.1 0.3 0 0 0 0.1 0.267 0.592 0.979 0.214 0.484 0.974 0.245 0.58 0.987
"49" 24 24 0.7 0.025 0.025 0.05 0.1 0.3 0 0 0 0.1 0.333 0.705 0.995 0.259 0.574 0.993 0.273 0.674 0.996
"50" 24 24 0.8 0.025 0.025 0.05 0.1 0.3 0 0 0 0.1 0.352 0.84 1 0.252 0.615 0.999 0.289 0.711 1
"51" 24 24 0.4 0.05 0.05 0.05 0.1 0.3 0 0 0 0.1 0.661 0.953 0.956 0.584 0.891 0.89 0.703 0.977 0.973
"52" 24 24 0.5 0.05 0.05 0.05 0.1 0.3 0 0 0 0.1 0.751 0.97 0.966 0.658 0.92 0.911 0.753 0.981 0.975
"53" 24 24 0.6 0.05 0.05 0.05 0.1 0.3 0 0 0 0.1 0.763 0.991 0.989 0.663 0.964 0.956 0.757 0.99 0.99
"54" 24 24 0.7 0.05 0.05 0.05 0.1 0.3 0 0 0 0.1 0.859 0.999 1 0.708 0.98 0.985 0.783 0.997 0.999
"55" 24 24 0.8 0.05 0.05 0.05 0.1 0.3 0 0 0 0.1 0.891 1 1 0.739 0.991 0.994 0.794 1 0.997
"56" 24 24 0.4 0.1 0.1 0.05 0.1 0.3 0 0 0 0.1 0.997 1 0.985 0.993 1 0.627 1 1 0.974
"57" 24 24 0.5 0.1 0.1 0.05 0.1 0.3 0 0 0 0.1 0.999 1 0.991 0.992 1 0.722 0.998 1 0.976
"58" 24 24 0.6 0.1 0.1 0.05 0.1 0.3 0 0 0 0.1 0.997 1 1 0.995 1 0.806 0.998 1 0.991
"59" 24 24 0.7 0.1 0.1 0.05 0.1 0.3 0 0 0 0.1 1 1 1 0.996 1 0.843 0.999 1 0.99
"60" 24 24 0.8 0.1 0.1 0.05 0.1 0.3 0 0 0 0.1 1 1 1 0.999 1 0.676 1 1 0.92
"61" 24 24 0.4 0.025 0.025 -0.05 0.1 0.4 0 0 0 0.1 0.22 0.412 0.945 0.275 0.475 0.954 0.25 0.471 0.968
"62" 24 24 0.5 0.025 0.025 -0.05 0.1 0.4 0 0 0 0.1 0.22 0.43 0.96 0.27 0.507 0.964 0.259 0.501 0.977
"63" 24 24 0.6 0.025 0.025 -0.05 0.1 0.4 0 0 0 0.1 0.227 0.447 0.98 0.279 0.554 0.982 0.264 0.547 0.986
"64" 24 24 0.7 0.025 0.025 -0.05 0.1 0.4 0 0 0 0.1 0.221 0.514 0.995 0.298 0.63 0.991 0.274 0.637 0.997
"65" 24 24 0.8 0.025 0.025 -0.05 0.1 0.4 0 0 0 0.1 0.26 0.683 1 0.332 0.762 0.998 0.314 0.781 0.999
"66" 24 24 0.4 0.05 0.05 -0.05 0.1 0.4 0 0 0 0.1 0.622 0.921 0.918 0.722 0.959 0.952 0.681 0.958 0.956
"67" 24 24 0.5 0.05 0.05 -0.05 0.1 0.4 0 0 0 0.1 0.647 0.929 0.937 0.761 0.972 0.978 0.726 0.97 0.977
"68" 24 24 0.6 0.05 0.05 -0.05 0.1 0.4 0 0 0 0.1 0.649 0.962 0.954 0.771 0.983 0.982 0.74 0.985 0.987
"69" 24 24 0.7 0.05 0.05 -0.05 0.1 0.4 0 0 0 0.1 0.674 0.986 0.99 0.813 0.996 0.997 0.798 0.998 0.996
"70" 24 24 0.8 0.05 0.05 -0.05 0.1 0.4 0 0 0 0.1 0.74 1 0.998 0.861 1 1 0.847 1 1
"71" 24 24 0.4 0.1 0.1 -0.05 0.1 0.4 0 0 0 0.1 0.997 1 0.839 0.998 1 0.995 0.998 1 0.958
"72" 24 24 0.5 0.1 0.1 -0.05 0.1 0.4 0 0 0 0.1 0.999 1 0.833 1 1 0.993 1 1 0.981
"73" 24 24 0.6 0.1 0.1 -0.05 0.1 0.4 0 0 0 0.1 0.999 1 0.779 1 1 0.997 0.999 1 0.988
"74" 24 24 0.7 0.1 0.1 -0.05 0.1 0.4 0 0 0 0.1 0.998 1 0.801 1 1 1 1 1 0.997
"75" 24 24 0.8 0.1 0.1 -0.05 0.1 0.4 0 0 0 0.1 1 1 0.971 1 1 1 1 1 1
"76" 24 24 0.4 0.025 0.025 -0.025 0.1 0.4 0 0 0 0.1 0.223 0.424 0.42 0.237 0.469 0.465 0.238 0.475 0.469
"77" 24 24 0.5 0.025 0.025 -0.025 0.1 0.4 0 0 0 0.1 0.239 0.426 0.45 0.263 0.462 0.484 0.258 0.482 0.514
"78" 24 24 0.6 0.025 0.025 -0.025 0.1 0.4 0 0 0 0.1 0.237 0.479 0.502 0.261 0.532 0.549 0.257 0.561 0.558
"79" 24 24 0.7 0.025 0.025 -0.025 0.1 0.4 0 0 0 0.1 0.253 0.585 0.574 0.303 0.65 0.625 0.296 0.667 0.642
"80" 24 24 0.8 0.025 0.025 -0.025 0.1 0.4 0 0 0 0.1 0.248 0.76 0.781 0.29 0.761 0.765 0.295 0.797 0.786
"81" 24 24 0.4 0.05 0.05 -0.025 0.1 0.4 0 0 0 0.1 0.676 0.944 0.376 0.729 0.961 0.53 0.73 0.971 0.472
"82" 24 24 0.5 0.05 0.05 -0.025 0.1 0.4 0 0 0 0.1 0.68 0.957 0.389 0.743 0.968 0.554 0.736 0.971 0.517
"83" 24 24 0.6 0.05 0.05 -0.025 0.1 0.4 0 0 0 0.1 0.681 0.969 0.388 0.758 0.984 0.617 0.748 0.99 0.568
"84" 24 24 0.7 0.05 0.05 -0.025 0.1 0.4 0 0 0 0.1 0.726 0.996 0.435 0.783 0.995 0.696 0.776 0.998 0.663
"85" 24 24 0.8 0.05 0.05 -0.025 0.1 0.4 0 0 0 0.1 0.779 0.999 0.598 0.828 0.999 0.839 0.831 1 0.825
"86" 24 24 0.4 0.1 0.1 -0.025 0.1 0.4 0 0 0 0.1 0.997 1 0.22 0.998 1 0.766 0.998 1 0.463
"87" 24 24 0.5 0.1 0.1 -0.025 0.1 0.4 0 0 0 0.1 0.998 1 0.158 0.998 1 0.801 0.998 1 0.529
"88" 24 24 0.6 0.1 0.1 -0.025 0.1 0.4 0 0 0 0.1 0.998 1 0.106 0.999 1 0.823 0.999 1 0.586
"89" 24 24 0.7 0.1 0.1 -0.025 0.1 0.4 0 0 0 0.1 0.998 1 0.052 0.999 1 0.88 0.999 1 0.718
"90" 24 24 0.8 0.1 0.1 -0.025 0.1 0.4 0 0 0 0.1 1 1 0.202 1 1 0.97 1 1 0.922
"91" 24 24 0.4 0.025 0.025 0.025 0.1 0.4 0 0 0 0.1 0.233 0.442 0.452 0.214 0.401 0.387 0.24 0.46 0.459
"92" 24 24 0.5 0.025 0.025 0.025 0.1 0.4 0 0 0 0.1 0.256 0.487 0.476 0.241 0.421 0.423 0.263 0.487 0.496
"93" 24 24 0.6 0.025 0.025 0.025 0.1 0.4 0 0 0 0.1 0.273 0.585 0.579 0.246 0.519 0.483 0.269 0.577 0.551
"94" 24 24 0.7 0.025 0.025 0.025 0.1 0.4 0 0 0 0.1 0.294 0.681 0.677 0.24 0.579 0.596 0.265 0.652 0.654
"95" 24 24 0.8 0.025 0.025 0.025 0.1 0.4 0 0 0 0.1 0.363 0.861 0.859 0.304 0.712 0.69 0.32 0.787 0.766
"96" 24 24 0.4 0.05 0.05 0.025 0.1 0.4 0 0 0 0.1 0.684 0.954 0.533 0.622 0.928 0.346 0.689 0.964 0.485
"97" 24 24 0.5 0.05 0.05 0.025 0.1 0.4 0 0 0 0.1 0.728 0.967 0.573 0.656 0.936 0.342 0.715 0.976 0.517
"98" 24 24 0.6 0.05 0.05 0.025 0.1 0.4 0 0 0 0.1 0.768 0.992 0.718 0.7 0.97 0.435 0.751 0.991 0.594
"99" 24 24 0.7 0.05 0.05 0.025 0.1 0.4 0 0 0 0.1 0.815 0.999 0.839 0.731 0.986 0.474 0.776 0.997 0.665
"100" 24 24 0.8 0.05 0.05 0.025 0.1 0.4 0 0 0 0.1 0.855 1 0.896 0.766 0.997 0.514 0.802 1 0.677
"101" 24 24 0.4 0.1 0.1 0.025 0.1 0.4 0 0 0 0.1 0.995 1 0.684 0.989 1 0.107 0.996 1 0.451
"102" 24 24 0.5 0.1 0.1 0.025 0.1 0.4 0 0 0 0.1 1 1 0.846 0.999 1 0.139 1 1 0.525
"103" 24 24 0.6 0.1 0.1 0.025 0.1 0.4 0 0 0 0.1 1 1 0.964 1 1 0.139 1 1 0.57
"104" 24 24 0.7 0.1 0.1 0.025 0.1 0.4 0 0 0 0.1 1 1 0.992 1 1 0.154 1 1 0.557
"105" 24 24 0.8 0.1 0.1 0.025 0.1 0.4 0 0 0 0.1 1 1 0.96 0.998 1 0.064 1 1 0.216
"106" 24 24 0.4 0.025 0.025 0.05 0.1 0.4 0 0 0 0.1 0.258 0.471 0.951 0.215 0.367 0.933 0.241 0.458 0.962
"107" 24 24 0.5 0.025 0.025 0.05 0.1 0.4 0 0 0 0.1 0.28 0.514 0.971 0.219 0.411 0.955 0.259 0.506 0.976
"108" 24 24 0.6 0.025 0.025 0.05 0.1 0.4 0 0 0 0.1 0.279 0.609 0.978 0.199 0.459 0.964 0.227 0.568 0.98
"109" 24 24 0.7 0.025 0.025 0.05 0.1 0.4 0 0 0 0.1 0.339 0.754 0.998 0.243 0.567 0.993 0.283 0.671 0.998
"110" 24 24 0.8 0.025 0.025 0.05 0.1 0.4 0 0 0 0.1 0.387 0.876 1 0.263 0.644 1 0.303 0.741 1
"111" 24 24 0.4 0.05 0.05 0.05 0.1 0.4 0 0 0 0.1 0.734 0.94 0.965 0.628 0.882 0.9 0.724 0.945 0.961
"112" 24 24 0.5 0.05 0.05 0.05 0.1 0.4 0 0 0 0.1 0.737 0.976 0.977 0.634 0.928 0.919 0.725 0.97 0.974
"113" 24 24 0.6 0.05 0.05 0.05 0.1 0.4 0 0 0 0.1 0.807 0.994 0.991 0.667 0.959 0.96 0.756 0.991 0.985
"114" 24 24 0.7 0.05 0.05 0.05 0.1 0.4 0 0 0 0.1 0.854 1 0.999 0.706 0.978 0.981 0.768 0.995 0.999
"115" 24 24 0.8 0.05 0.05 0.05 0.1 0.4 0 0 0 0.1 0.878 1 1 0.723 0.994 0.985 0.78 1 0.997
"116" 24 24 0.4 0.1 0.1 0.05 0.1 0.4 0 0 0 0.1 1 1 0.988 0.997 1 0.659 1 1 0.961
"117" 24 24 0.5 0.1 0.1 0.05 0.1 0.4 0 0 0 0.1 1 1 0.998 0.995 1 0.732 1 1 0.982
"118" 24 24 0.6 0.1 0.1 0.05 0.1 0.4 0 0 0 0.1 1 1 1 0.996 1 0.784 0.999 1 0.986
"119" 24 24 0.7 0.1 0.1 0.05 0.1 0.4 0 0 0 0.1 1 1 1 0.997 1 0.8 1 1 0.985
"120" 24 24 0.8 0.1 0.1 0.05 0.1 0.4 0 0 0 0.1 1 1 1 0.997 1 0.678 1 1 0.909
"121" 24 24 0.4 0.025 0.025 -0.05 0.1 0.5 0 0 0 0.1 0.201 0.398 0.947 0.248 0.463 0.946 0.219 0.44 0.958
"122" 24 24 0.5 0.025 0.025 -0.05 0.1 0.5 0 0 0 0.1 0.22 0.426 0.961 0.263 0.53 0.965 0.243 0.495 0.974
"123" 24 24 0.6 0.025 0.025 -0.05 0.1 0.5 0 0 0 0.1 0.225 0.433 0.98 0.287 0.536 0.984 0.27 0.535 0.988
"124" 24 24 0.7 0.025 0.025 -0.05 0.1 0.5 0 0 0 0.1 0.256 0.538 0.995 0.335 0.672 0.995 0.325 0.68 0.995
"125" 24 24 0.8 0.025 0.025 -0.05 0.1 0.5 0 0 0 0.1 0.245 0.716 1 0.326 0.777 0.998 0.308 0.801 1
"126" 24 24 0.4 0.05 0.05 -0.05 0.1 0.5 0 0 0 0.1 0.649 0.933 0.924 0.736 0.963 0.949 0.695 0.964 0.946
"127" 24 24 0.5 0.05 0.05 -0.05 0.1 0.5 0 0 0 0.1 0.656 0.94 0.947 0.743 0.974 0.977 0.715 0.969 0.972
"128" 24 24 0.6 0.05 0.05 -0.05 0.1 0.5 0 0 0 0.1 0.657 0.978 0.965 0.79 0.991 0.99 0.771 0.993 0.993
"129" 24 24 0.7 0.05 0.05 -0.05 0.1 0.5 0 0 0 0.1 0.641 0.985 0.985 0.792 0.997 0.997 0.776 0.997 0.998
"130" 24 24 0.8 0.05 0.05 -0.05 0.1 0.5 0 0 0 0.1 0.73 0.999 0.998 0.833 0.999 0.999 0.823 0.999 0.999
"131" 24 24 0.4 0.1 0.1 -0.05 0.1 0.5 0 0 0 0.1 0.996 1 0.839 1 1 0.993 0.999 1 0.953
"132" 24 24 0.5 0.1 0.1 -0.05 0.1 0.5 0 0 0 0.1 0.999 1 0.796 1 1 0.994 0.999 1 0.963
"133" 24 24 0.6 0.1 0.1 -0.05 0.1 0.5 0 0 0 0.1 0.996 1 0.77 1 1 0.995 1 1 0.987
"134" 24 24 0.7 0.1 0.1 -0.05 0.1 0.5 0 0 0 0.1 0.999 1 0.79 1 1 1 1 1 0.998
"135" 24 24 0.8 0.1 0.1 -0.05 0.1 0.5 0 0 0 0.1 1 1 0.969 1 1 1 1 1 1
"136" 24 24 0.4 0.025 0.025 -0.025 0.1 0.5 0 0 0 0.1 0.231 0.391 0.44 0.256 0.439 0.453 0.253 0.44 0.469
"137" 24 24 0.5 0.025 0.025 -0.025 0.1 0.5 0 0 0 0.1 0.217 0.475 0.48 0.237 0.495 0.502 0.237 0.508 0.496
"138" 24 24 0.6 0.025 0.025 -0.025 0.1 0.5 0 0 0 0.1 0.221 0.482 0.489 0.255 0.512 0.514 0.252 0.536 0.536
"139" 24 24 0.7 0.025 0.025 -0.025 0.1 0.5 0 0 0 0.1 0.226 0.6 0.614 0.259 0.622 0.641 0.25 0.641 0.665
"140" 24 24 0.8 0.025 0.025 -0.025 0.1 0.5 0 0 0 0.1 0.299 0.764 0.771 0.316 0.75 0.774 0.314 0.785 0.807
"141" 24 24 0.4 0.05 0.05 -0.025 0.1 0.5 0 0 0 0.1 0.656 0.944 0.378 0.709 0.959 0.529 0.701 0.961 0.453
"142" 24 24 0.5 0.05 0.05 -0.025 0.1 0.5 0 0 0 0.1 0.658 0.959 0.382 0.703 0.97 0.556 0.701 0.972 0.491
"143" 24 24 0.6 0.05 0.05 -0.025 0.1 0.5 0 0 0 0.1 0.703 0.97 0.39 0.764 0.985 0.628 0.757 0.99 0.583
"144" 24 24 0.7 0.05 0.05 -0.025 0.1 0.5 0 0 0 0.1 0.74 0.993 0.435 0.809 0.998 0.693 0.796 0.999 0.661
"145" 24 24 0.8 0.05 0.05 -0.025 0.1 0.5 0 0 0 0.1 0.798 0.998 0.617 0.84 0.999 0.838 0.833 1 0.817
"146" 24 24 0.4 0.1 0.1 -0.025 0.1 0.5 0 0 0 0.1 0.999 1 0.203 1 1 0.805 1 1 0.473
"147" 24 24 0.5 0.1 0.1 -0.025 0.1 0.5 0 0 0 0.1 0.997 1 0.134 0.999 1 0.784 0.999 1 0.486
"148" 24 24 0.6 0.1 0.1 -0.025 0.1 0.5 0 0 0 0.1 1 1 0.085 1 1 0.849 1 1 0.58
"149" 24 24 0.7 0.1 0.1 -0.025 0.1 0.5 0 0 0 0.1 0.999 1 0.062 1 1 0.891 1 1 0.713
"150" 24 24 0.8 0.1 0.1 -0.025 0.1 0.5 0 0 0 0.1 1 1 0.21 1 1 0.969 1 1 0.929
"151" 24 24 0.4 0.025 0.025 0.025 0.1 0.5 0 0 0 0.1 0.218 0.473 0.432 0.19 0.394 0.381 0.22 0.457 0.426
"152" 24 24 0.5 0.025 0.025 0.025 0.1 0.5 0 0 0 0.1 0.255 0.484 0.502 0.227 0.421 0.433 0.24 0.496 0.507
"153" 24 24 0.6 0.025 0.025 0.025 0.1 0.5 0 0 0 0.1 0.262 0.604 0.584 0.229 0.502 0.488 0.257 0.583 0.547
"154" 24 24 0.7 0.025 0.025 0.025 0.1 0.5 0 0 0 0.1 0.322 0.722 0.7 0.272 0.566 0.58 0.3 0.652 0.662
"155" 24 24 0.8 0.025 0.025 0.025 0.1 0.5 0 0 0 0.1 0.341 0.839 0.875 0.269 0.689 0.735 0.289 0.748 0.807
"156" 24 24 0.4 0.05 0.05 0.025 0.1 0.5 0 0 0 0.1 0.709 0.953 0.502 0.661 0.911 0.325 0.702 0.957 0.456
"157" 24 24 0.5 0.05 0.05 0.025 0.1 0.5 0 0 0 0.1 0.735 0.979 0.601 0.678 0.945 0.363 0.73 0.975 0.519
"158" 24 24 0.6 0.05 0.05 0.025 0.1 0.5 0 0 0 0.1 0.765 0.99 0.687 0.685 0.968 0.426 0.734 0.982 0.574
"159" 24 24 0.7 0.05 0.05 0.025 0.1 0.5 0 0 0 0.1 0.821 0.998 0.829 0.749 0.989 0.476 0.787 0.997 0.644
"160" 24 24 0.8 0.05 0.05 0.025 0.1 0.5 0 0 0 0.1 0.859 1 0.92 0.775 0.996 0.531 0.816 1 0.679
"161" 24 24 0.4 0.1 0.1 0.025 0.1 0.5 0 0 0 0.1 0.998 1 0.732 0.995 1 0.128 0.998 1 0.524
"162" 24 24 0.5 0.1 0.1 0.025 0.1 0.5 0 0 0 0.1 0.998 1 0.832 0.997 1 0.137 0.998 1 0.508
"163" 24 24 0.6 0.1 0.1 0.025 0.1 0.5 0 0 0 0.1 1 1 0.967 0.998 1 0.172 1 1 0.562
"164" 24 24 0.7 0.1 0.1 0.025 0.1 0.5 0 0 0 0.1 1 1 0.994 0.998 1 0.142 1 1 0.539
"165" 24 24 0.8 0.1 0.1 0.025 0.1 0.5 0 0 0 0.1 1 1 0.965 0.999 1 0.06 1 1 0.239
"166" 24 24 0.4 0.025 0.025 0.05 0.1 0.5 0 0 0 0.1 0.249 0.487 0.952 0.188 0.383 0.929 0.228 0.467 0.957
"167" 24 24 0.5 0.025 0.025 0.05 0.1 0.5 0 0 0 0.1 0.257 0.514 0.971 0.206 0.395 0.944 0.241 0.474 0.967
"168" 24 24 0.6 0.025 0.025 0.05 0.1 0.5 0 0 0 0.1 0.325 0.621 0.988 0.252 0.484 0.973 0.287 0.576 0.989
"169" 24 24 0.7 0.025 0.025 0.05 0.1 0.5 0 0 0 0.1 0.33 0.751 0.998 0.26 0.544 0.991 0.295 0.654 0.998
"170" 24 24 0.8 0.025 0.025 0.05 0.1 0.5 0 0 0 0.1 0.379 0.858 1 0.26 0.627 0.999 0.294 0.728 1
"171" 24 24 0.4 0.05 0.05 0.05 0.1 0.5 0 0 0 0.1 0.74 0.962 0.97 0.599 0.895 0.904 0.702 0.959 0.968
"172" 24 24 0.5 0.05 0.05 0.05 0.1 0.5 0 0 0 0.1 0.779 0.978 0.985 0.652 0.919 0.925 0.736 0.973 0.975
"173" 24 24 0.6 0.05 0.05 0.05 0.1 0.5 0 0 0 0.1 0.806 0.996 0.995 0.673 0.95 0.969 0.743 0.99 0.988
"174" 24 24 0.7 0.05 0.05 0.05 0.1 0.5 0 0 0 0.1 0.861 0.999 0.999 0.709 0.987 0.984 0.786 0.996 0.996
"175" 24 24 0.8 0.05 0.05 0.05 0.1 0.5 0 0 0 0.1 0.895 1 1 0.729 0.99 0.986 0.795 1 0.997
"176" 24 24 0.4 0.1 0.1 0.05 0.1 0.5 0 0 0 0.1 1 1 0.988 0.998 1 0.672 1 1 0.969
"177" 24 24 0.5 0.1 0.1 0.05 0.1 0.5 0 0 0 0.1 1 1 0.997 0.994 1 0.726 0.999 1 0.964
"178" 24 24 0.6 0.1 0.1 0.05 0.1 0.5 0 0 0 0.1 1 1 1 1 1 0.802 1 1 0.982
"179" 24 24 0.7 0.1 0.1 0.05 0.1 0.5 0 0 0 0.1 1 1 1 0.998 1 0.828 1 1 0.979
"180" 24 24 0.8 0.1 0.1 0.05 0.1 0.5 0 0 0 0.1 1 1 1 0.999 1 0.633 1 1 0.918
"181" 24 24 0.4 0.025 0.025 -0.05 0.1 0.6 0 0 0 0.1 0.209 0.39 0.933 0.256 0.462 0.942 0.248 0.445 0.954
"182" 24 24 0.5 0.025 0.025 -0.05 0.1 0.6 0 0 0 0.1 0.206 0.419 0.963 0.275 0.5 0.975 0.254 0.49 0.979
"183" 24 24 0.6 0.025 0.025 -0.05 0.1 0.6 0 0 0 0.1 0.209 0.461 0.977 0.247 0.569 0.986 0.241 0.573 0.991
"184" 24 24 0.7 0.025 0.025 -0.05 0.1 0.6 0 0 0 0.1 0.208 0.542 1 0.286 0.658 0.998 0.27 0.658 1
"185" 24 24 0.8 0.025 0.025 -0.05 0.1 0.6 0 0 0 0.1 0.264 0.709 0.999 0.322 0.788 1 0.321 0.812 1
"186" 24 24 0.4 0.05 0.05 -0.05 0.1 0.6 0 0 0 0.1 0.637 0.925 0.927 0.713 0.969 0.959 0.689 0.967 0.968
"187" 24 24 0.5 0.05 0.05 -0.05 0.1 0.6 0 0 0 0.1 0.634 0.954 0.943 0.754 0.979 0.978 0.722 0.983 0.983
"188" 24 24 0.6 0.05 0.05 -0.05 0.1 0.6 0 0 0 0.1 0.662 0.965 0.959 0.802 0.986 0.99 0.774 0.99 0.99
"189" 24 24 0.7 0.05 0.05 -0.05 0.1 0.6 0 0 0 0.1 0.672 0.989 0.986 0.8 0.997 0.996 0.778 0.997 0.997
"190" 24 24 0.8 0.05 0.05 -0.05 0.1 0.6 0 0 0 0.1 0.735 0.999 0.998 0.863 1 1 0.851 1 1
"191" 24 24 0.4 0.1 0.1 -0.05 0.1 0.6 0 0 0 0.1 0.996 1 0.839 0.999 1 0.989 0.999 1 0.953
"192" 24 24 0.5 0.1 0.1 -0.05 0.1 0.6 0 0 0 0.1 0.996 1 0.798 1 1 0.989 1 1 0.973
"193" 24 24 0.6 0.1 0.1 -0.05 0.1 0.6 0 0 0 0.1 0.997 1 0.766 0.998 1 0.998 0.999 1 0.993
"194" 24 24 0.7 0.1 0.1 -0.05 0.1 0.6 0 0 0 0.1 1 1 0.79 1 1 1 1 1 1
"195" 24 24 0.8 0.1 0.1 -0.05 0.1 0.6 0 0 0 0.1 0.999 1 0.967 1 1 1 1 1 1
"196" 24 24 0.4 0.025 0.025 -0.025 0.1 0.6 0 0 0 0.1 0.22 0.38 0.426 0.227 0.418 0.456 0.238 0.43 0.471
"197" 24 24 0.5 0.025 0.025 -0.025 0.1 0.6 0 0 0 0.1 0.211 0.451 0.452 0.237 0.502 0.486 0.232 0.505 0.509
"198" 24 24 0.6 0.025 0.025 -0.025 0.1 0.6 0 0 0 0.1 0.256 0.481 0.475 0.293 0.516 0.551 0.286 0.539 0.561
"199" 24 24 0.7 0.025 0.025 -0.025 0.1 0.6 0 0 0 0.1 0.261 0.589 0.598 0.296 0.652 0.624 0.296 0.666 0.657
"200" 24 24 0.8 0.025 0.025 -0.025 0.1 0.6 0 0 0 0.1 0.249 0.766 0.772 0.289 0.762 0.764 0.276 0.795 0.785
"201" 24 24 0.4 0.05 0.05 -0.025 0.1 0.6 0 0 0 0.1 0.668 0.927 0.366 0.711 0.96 0.51 0.709 0.964 0.451
"202" 24 24 0.5 0.05 0.05 -0.025 0.1 0.6 0 0 0 0.1 0.645 0.951 0.362 0.702 0.97 0.539 0.698 0.979 0.485
"203" 24 24 0.6 0.05 0.05 -0.025 0.1 0.6 0 0 0 0.1 0.682 0.973 0.391 0.753 0.98 0.613 0.741 0.986 0.563
"204" 24 24 0.7 0.05 0.05 -0.025 0.1 0.6 0 0 0 0.1 0.728 0.992 0.457 0.792 0.993 0.697 0.794 0.998 0.665
"205" 24 24 0.8 0.05 0.05 -0.025 0.1 0.6 0 0 0 0.1 0.8 1 0.603 0.836 1 0.833 0.835 1 0.808
"206" 24 24 0.4 0.1 0.1 -0.025 0.1 0.6 0 0 0 0.1 0.999 1 0.231 0.999 1 0.74 0.999 1 0.44
"207" 24 24 0.5 0.1 0.1 -0.025 0.1 0.6 0 0 0 0.1 0.997 1 0.165 0.999 1 0.789 0.999 1 0.524
"208" 24 24 0.6 0.1 0.1 -0.025 0.1 0.6 0 0 0 0.1 0.999 1 0.071 1 1 0.827 1 1 0.581
"209" 24 24 0.7 0.1 0.1 -0.025 0.1 0.6 0 0 0 0.1 0.999 1 0.056 0.999 1 0.887 1 1 0.719
"210" 24 24 0.8 0.1 0.1 -0.025 0.1 0.6 0 0 0 0.1 1 1 0.209 1 1 0.98 1 1 0.938
"211" 24 24 0.4 0.025 0.025 0.025 0.1 0.6 0 0 0 0.1 0.264 0.441 0.446 0.239 0.392 0.385 0.261 0.445 0.439
"212" 24 24 0.5 0.025 0.025 0.025 0.1 0.6 0 0 0 0.1 0.246 0.509 0.507 0.221 0.446 0.436 0.243 0.526 0.512
"213" 24 24 0.6 0.025 0.025 0.025 0.1 0.6 0 0 0 0.1 0.262 0.579 0.522 0.223 0.526 0.464 0.249 0.584 0.527
"214" 24 24 0.7 0.025 0.025 0.025 0.1 0.6 0 0 0 0.1 0.284 0.713 0.693 0.236 0.59 0.572 0.25 0.668 0.634
"215" 24 24 0.8 0.025 0.025 0.025 0.1 0.6 0 0 0 0.1 0.326 0.842 0.853 0.264 0.694 0.682 0.288 0.777 0.762
"216" 24 24 0.4 0.05 0.05 0.025 0.1 0.6 0 0 0 0.1 0.688 0.949 0.48 0.631 0.909 0.298 0.709 0.954 0.446
"217" 24 24 0.5 0.05 0.05 0.025 0.1 0.6 0 0 0 0.1 0.715 0.981 0.581 0.664 0.947 0.37 0.716 0.972 0.517
"218" 24 24 0.6 0.05 0.05 0.025 0.1 0.6 0 0 0 0.1 0.765 0.988 0.686 0.687 0.974 0.412 0.746 0.987 0.554
"219" 24 24 0.7 0.05 0.05 0.025 0.1 0.6 0 0 0 0.1 0.831 0.999 0.835 0.745 0.986 0.489 0.794 0.995 0.66
"220" 24 24 0.8 0.05 0.05 0.025 0.1 0.6 0 0 0 0.1 0.847 1 0.901 0.752 0.997 0.519 0.8 1 0.673
"221" 24 24 0.4 0.1 0.1 0.025 0.1 0.6 0 0 0 0.1 1 1 0.699 0.995 1 0.111 1 1 0.491
"222" 24 24 0.5 0.1 0.1 0.025 0.1 0.6 0 0 0 0.1 0.999 1 0.83 0.995 1 0.125 0.999 1 0.512
"223" 24 24 0.6 0.1 0.1 0.025 0.1 0.6 0 0 0 0.1 1 1 0.958 0.999 1 0.162 1 1 0.57
"224" 24 24 0.7 0.1 0.1 0.025 0.1 0.6 0 0 0 0.1 1 1 0.992 1 1 0.143 1 1 0.521
"225" 24 24 0.8 0.1 0.1 0.025 0.1 0.6 0 0 0 0.1 1 1 0.954 1 1 0.081 1 1 0.258
"226" 24 24 0.4 0.025 0.025 0.05 0.1 0.6 0 0 0 0.1 0.259 0.431 0.953 0.206 0.339 0.944 0.247 0.438 0.967
"227" 24 24 0.5 0.025 0.025 0.05 0.1 0.6 0 0 0 0.1 0.271 0.517 0.975 0.214 0.424 0.954 0.252 0.52 0.976
"228" 24 24 0.6 0.025 0.025 0.05 0.1 0.6 0 0 0 0.1 0.283 0.609 0.981 0.247 0.458 0.968 0.273 0.56 0.987
"229" 24 24 0.7 0.025 0.025 0.05 0.1 0.6 0 0 0 0.1 0.352 0.745 0.995 0.262 0.546 0.99 0.307 0.658 0.996
"230" 24 24 0.8 0.025 0.025 0.05 0.1 0.6 0 0 0 0.1 0.37 0.859 1 0.249 0.633 0.999 0.291 0.735 1
"231" 24 24 0.4 0.05 0.05 0.05 0.1 0.6 0 0 0 0.1 0.716 0.95 0.959 0.607 0.88 0.883 0.698 0.951 0.967
"232" 24 24 0.5 0.05 0.05 0.05 0.1 0.6 0 0 0 0.1 0.762 0.983 0.985 0.623 0.913 0.922 0.735 0.976 0.981
"233" 24 24 0.6 0.05 0.05 0.05 0.1 0.6 0 0 0 0.1 0.805 0.993 0.996 0.679 0.956 0.964 0.755 0.991 0.989
"234" 24 24 0.7 0.05 0.05 0.05 0.1 0.6 0 0 0 0.1 0.866 1 0.999 0.694 0.977 0.982 0.786 0.996 0.998
"235" 24 24 0.8 0.05 0.05 0.05 0.1 0.6 0 0 0 0.1 0.887 1 1 0.718 0.992 0.994 0.786 0.999 0.999
"236" 24 24 0.4 0.1 0.1 0.05 0.1 0.6 0 0 0 0.1 1 1 0.986 0.996 1 0.674 1 1 0.956
"237" 24 24 0.5 0.1 0.1 0.05 0.1 0.6 0 0 0 0.1 1 1 0.997 0.996 1 0.719 1 1 0.974
"238" 24 24 0.6 0.1 0.1 0.05 0.1 0.6 0 0 0 0.1 1 1 1 0.998 1 0.797 1 1 0.991
"239" 24 24 0.7 0.1 0.1 0.05 0.1 0.6 0 0 0 0.1 1 1 1 0.997 1 0.824 1 1 0.988
"240" 24 24 0.8 0.1 0.1 0.05 0.1 0.6 0 0 0 0.1 1 1 1 0.998 1 0.668 0.999 1 0.93
"241" 24 24 0.4 0.025 0.025 -0.05 0.1 0.7 0 0 0 0.1 0.201 0.392 0.942 0.248 0.467 0.953 0.235 0.485 0.972
"242" 24 24 0.5 0.025 0.025 -0.05 0.1 0.7 0 0 0 0.1 0.208 0.405 0.952 0.261 0.511 0.972 0.24 0.528 0.979
"243" 24 24 0.6 0.025 0.025 -0.05 0.1 0.7 0 0 0 0.1 0.206 0.424 0.975 0.265 0.563 0.984 0.257 0.581 0.995
"244" 24 24 0.7 0.025 0.025 -0.05 0.1 0.7 0 0 0 0.1 0.23 0.506 0.992 0.311 0.657 0.996 0.296 0.673 1
"245" 24 24 0.8 0.025 0.025 -0.05 0.1 0.7 0 0 0 0.1 0.277 0.685 1 0.37 0.772 1 0.351 0.793 1
"246" 24 24 0.4 0.05 0.05 -0.05 0.1 0.7 0 0 0 0.1 0.611 0.923 0.915 0.734 0.969 0.958 0.71 0.968 0.967
"247" 24 24 0.5 0.05 0.05 -0.05 0.1 0.7 0 0 0 0.1 0.625 0.926 0.935 0.742 0.972 0.972 0.732 0.977 0.982
"248" 24 24 0.6 0.05 0.05 -0.05 0.1 0.7 0 0 0 0.1 0.616 0.963 0.945 0.767 0.989 0.992 0.748 0.991 0.994
"249" 24 24 0.7 0.05 0.05 -0.05 0.1 0.7 0 0 0 0.1 0.669 0.984 0.982 0.816 0.996 0.996 0.808 0.998 0.997
"250" 24 24 0.8 0.05 0.05 -0.05 0.1 0.7 0 0 0 0.1 0.735 0.999 1 0.856 0.999 1 0.841 0.999 1
"251" 24 24 0.4 0.1 0.1 -0.05 0.1 0.7 0 0 0 0.1 0.993 1 0.855 0.998 1 0.99 0.996 1 0.967
"252" 24 24 0.5 0.1 0.1 -0.05 0.1 0.7 0 0 0 0.1 0.997 1 0.848 1 1 0.997 1 1 0.984
"253" 24 24 0.6 0.1 0.1 -0.05 0.1 0.7 0 0 0 0.1 0.997 1 0.781 1 1 0.998 1 1 0.993
"254" 24 24 0.7 0.1 0.1 -0.05 0.1 0.7 0 0 0 0.1 0.997 1 0.8 0.999 1 0.999 0.999 1 0.997
"255" 24 24 0.8 0.1 0.1 -0.05 0.1 0.7 0 0 0 0.1 1 1 0.957 1 1 1 1 1 1
"256" 24 24 0.4 0.025 0.025 -0.025 0.1 0.7 0 0 0 0.1 0.229 0.413 0.404 0.254 0.469 0.445 0.267 0.495 0.484
"257" 24 24 0.5 0.025 0.025 -0.025 0.1 0.7 0 0 0 0.1 0.218 0.433 0.438 0.24 0.488 0.508 0.233 0.512 0.538
"258" 24 24 0.6 0.025 0.025 -0.025 0.1 0.7 0 0 0 0.1 0.228 0.477 0.447 0.273 0.535 0.526 0.271 0.573 0.561
"259" 24 24 0.7 0.025 0.025 -0.025 0.1 0.7 0 0 0 0.1 0.232 0.579 0.569 0.265 0.649 0.653 0.26 0.681 0.682
"260" 24 24 0.8 0.025 0.025 -0.025 0.1 0.7 0 0 0 0.1 0.272 0.752 0.746 0.318 0.762 0.782 0.314 0.793 0.811
"261" 24 24 0.4 0.05 0.05 -0.025 0.1 0.7 0 0 0 0.1 0.629 0.935 0.353 0.699 0.957 0.542 0.729 0.973 0.48
"262" 24 24 0.5 0.05 0.05 -0.025 0.1 0.7 0 0 0 0.1 0.617 0.94 0.371 0.708 0.967 0.534 0.727 0.977 0.504
"263" 24 24 0.6 0.05 0.05 -0.025 0.1 0.7 0 0 0 0.1 0.685 0.976 0.409 0.759 0.988 0.649 0.769 0.994 0.607
"264" 24 24 0.7 0.05 0.05 -0.025 0.1 0.7 0 0 0 0.1 0.722 0.984 0.43 0.784 0.993 0.693 0.79 0.995 0.669
"265" 24 24 0.8 0.05 0.05 -0.025 0.1 0.7 0 0 0 0.1 0.759 1 0.612 0.81 0.999 0.833 0.811 1 0.824
"266" 24 24 0.4 0.1 0.1 -0.025 0.1 0.7 0 0 0 0.1 0.996 1 0.227 0.997 1 0.782 0.999 1 0.469
"267" 24 24 0.5 0.1 0.1 -0.025 0.1 0.7 0 0 0 0.1 0.996 1 0.174 0.998 1 0.792 0.999 1 0.521
"268" 24 24 0.6 0.1 0.1 -0.025 0.1 0.7 0 0 0 0.1 0.998 1 0.106 1 1 0.814 1 1 0.604
"269" 24 24 0.7 0.1 0.1 -0.025 0.1 0.7 0 0 0 0.1 0.999 1 0.069 0.999 1 0.873 1 1 0.728
"270" 24 24 0.8 0.1 0.1 -0.025 0.1 0.7 0 0 0 0.1 1 1 0.195 1 1 0.967 1 1 0.921
"271" 24 24 0.4 0.025 0.025 0.025 0.1 0.7 0 0 0 0.1 0.237 0.421 0.399 0.214 0.394 0.382 0.249 0.485 0.484
"272" 24 24 0.5 0.025 0.025 0.025 0.1 0.7 0 0 0 0.1 0.244 0.461 0.462 0.24 0.454 0.43 0.27 0.522 0.519
"273" 24 24 0.6 0.025 0.025 0.025 0.1 0.7 0 0 0 0.1 0.286 0.516 0.528 0.252 0.498 0.47 0.276 0.586 0.561
"274" 24 24 0.7 0.025 0.025 0.025 0.1 0.7 0 0 0 0.1 0.301 0.683 0.69 0.257 0.613 0.595 0.286 0.691 0.668
"275" 24 24 0.8 0.025 0.025 0.025 0.1 0.7 0 0 0 0.1 0.331 0.827 0.829 0.268 0.694 0.689 0.295 0.77 0.763
"276" 24 24 0.4 0.05 0.05 0.025 0.1 0.7 0 0 0 0.1 0.67 0.942 0.436 0.63 0.92 0.299 0.727 0.976 0.455
"277" 24 24 0.5 0.05 0.05 0.025 0.1 0.7 0 0 0 0.1 0.672 0.968 0.493 0.642 0.942 0.339 0.702 0.989 0.499
"278" 24 24 0.6 0.05 0.05 0.025 0.1 0.7 0 0 0 0.1 0.698 0.982 0.64 0.667 0.971 0.419 0.718 0.992 0.56
"279" 24 24 0.7 0.05 0.05 0.025 0.1 0.7 0 0 0 0.1 0.81 0.998 0.805 0.761 0.984 0.475 0.802 0.996 0.652
"280" 24 24 0.8 0.05 0.05 0.025 0.1 0.7 0 0 0 0.1 0.829 1 0.916 0.757 0.997 0.556 0.8 1 0.71
"281" 24 24 0.4 0.1 0.1 0.025 0.1 0.7 0 0 0 0.1 0.997 1 0.606 0.994 1 0.087 1 1 0.485
"282" 24 24 0.5 0.1 0.1 0.025 0.1 0.7 0 0 0 0.1 0.999 1 0.786 0.999 1 0.119 1 1 0.546
"283" 24 24 0.6 0.1 0.1 0.025 0.1 0.7 0 0 0 0.1 1 1 0.933 1 1 0.18 1 1 0.582
"284" 24 24 0.7 0.1 0.1 0.025 0.1 0.7 0 0 0 0.1 1 1 0.988 1 1 0.176 1 1 0.572
"285" 24 24 0.8 0.1 0.1 0.025 0.1 0.7 0 0 0 0.1 1 1 0.953 1 1 0.066 1 1 0.257
"286" 24 24 0.4 0.025 0.025 0.05 0.1 0.7 0 0 0 0.1 0.258 0.417 0.926 0.217 0.341 0.926 0.281 0.467 0.97
"287" 24 24 0.5 0.025 0.025 0.05 0.1 0.7 0 0 0 0.1 0.249 0.489 0.952 0.2 0.41 0.958 0.246 0.519 0.979
"288" 24 24 0.6 0.025 0.025 0.05 0.1 0.7 0 0 0 0.1 0.268 0.578 0.983 0.223 0.481 0.97 0.262 0.58 0.987
"289" 24 24 0.7 0.025 0.025 0.05 0.1 0.7 0 0 0 0.1 0.314 0.72 0.999 0.232 0.564 0.994 0.278 0.686 1
"290" 24 24 0.8 0.025 0.025 0.05 0.1 0.7 0 0 0 0.1 0.336 0.846 1 0.23 0.61 1 0.268 0.72 1
"291" 24 24 0.4 0.05 0.05 0.05 0.1 0.7 0 0 0 0.1 0.682 0.952 0.949 0.594 0.899 0.881 0.722 0.973 0.972
"292" 24 24 0.5 0.05 0.05 0.05 0.1 0.7 0 0 0 0.1 0.737 0.968 0.965 0.625 0.926 0.921 0.744 0.972 0.977
"293" 24 24 0.6 0.05 0.05 0.05 0.1 0.7 0 0 0 0.1 0.801 0.988 0.988 0.701 0.956 0.965 0.788 0.991 0.987
"294" 24 24 0.7 0.05 0.05 0.05 0.1 0.7 0 0 0 0.1 0.848 0.999 1 0.704 0.991 0.985 0.778 0.997 0.997
"295" 24 24 0.8 0.05 0.05 0.05 0.1 0.7 0 0 0 0.1 0.897 1 1 0.722 0.996 0.995 0.786 1 1
"296" 24 24 0.4 0.1 0.1 0.05 0.1 0.7 0 0 0 0.1 1 1 0.985 0.993 1 0.666 1 1 0.978
"297" 24 24 0.5 0.1 0.1 0.05 0.1 0.7 0 0 0 0.1 0.999 1 0.996 0.993 1 0.72 1 1 0.983
"298" 24 24 0.6 0.1 0.1 0.05 0.1 0.7 0 0 0 0.1 1 1 1 0.999 1 0.794 0.999 1 0.985
"299" 24 24 0.7 0.1 0.1 0.05 0.1 0.7 0 0 0 0.1 1 1 1 0.996 1 0.869 1 1 0.988
"300" 24 24 0.8 0.1 0.1 0.05 0.1 0.7 0 0 0 0.1 1 1 1 1 1 0.708 1 1 0.938
