"N_s" "N_t" "Pr_0" "Pr_1" "Pr_2" "Pr_3" "Pr_SD" "Br_0" "Br_1" "Br_2" "Br_3" "Br_SD" "B.dp" "W.dp" "BxW.dp" "B.Ap" "W.Ap" "BxW.Ap" "B.Pr" "W.Pr" "BxW.Pr"
"1" 24 24 0.6 0.025 0.025 -0.05 0.1 0.3 0 0 0 0.1 0.203 0.444 0.974 0.266 0.557 0.983 0.264 0.588 0.99
"2" 24 24 0.6 0.05 0.05 -0.05 0.1 0.3 0 0 0 0.1 0.633 0.966 0.965 0.771 0.988 0.991 0.752 0.992 0.991
"3" 24 24 0.6 0.1 0.1 -0.05 0.1 0.3 0 0 0 0.1 0.997 1 0.803 1 1 0.998 1 1 0.99
"4" 24 24 0.6 0.025 0.025 -0.025 0.1 0.3 0 0 0 0.1 0.209 0.48 0.466 0.256 0.535 0.553 0.258 0.565 0.578
"5" 24 24 0.6 0.05 0.05 -0.025 0.1 0.3 0 0 0 0.1 0.704 0.963 0.385 0.779 0.989 0.61 0.785 0.991 0.588
"6" 24 24 0.6 0.1 0.1 -0.025 0.1 0.3 0 0 0 0.1 0.996 1 0.095 0.996 1 0.825 0.999 1 0.592
"7" 24 24 0.6 0.025 0.025 0.025 0.1 0.3 0 0 0 0.1 0.244 0.549 0.536 0.232 0.53 0.485 0.26 0.582 0.582
"8" 24 24 0.6 0.05 0.05 0.025 0.1 0.3 0 0 0 0.1 0.758 0.987 0.642 0.715 0.977 0.401 0.779 0.995 0.575
"9" 24 24 0.6 0.1 0.1 0.025 0.1 0.3 0 0 0 0.1 1 1 0.914 0.997 1 0.156 0.998 1 0.584
"10" 24 24 0.6 0.025 0.025 0.05 0.1 0.3 0 0 0 0.1 0.272 0.576 0.98 0.236 0.458 0.971 0.263 0.578 0.985
"11" 24 24 0.6 0.05 0.05 0.05 0.1 0.3 0 0 0 0.1 0.777 0.991 0.99 0.664 0.961 0.962 0.771 0.988 0.99
"12" 24 24 0.6 0.1 0.1 0.05 0.1 0.3 0 0 0 0.1 1 1 1 0.996 1 0.796 1 1 0.993
"13" 24 24 0.6 0.025 0.025 -0.05 0.1 0.4 0 0 0 0.1 0.215 0.462 0.98 0.266 0.575 0.982 0.265 0.562 0.989
"14" 24 24 0.6 0.05 0.05 -0.05 0.1 0.4 0 0 0 0.1 0.632 0.967 0.958 0.772 0.99 0.987 0.749 0.991 0.989
"15" 24 24 0.6 0.1 0.1 -0.05 0.1 0.4 0 0 0 0.1 0.996 1 0.771 1 1 0.997 0.999 1 0.992
"16" 24 24 0.6 0.025 0.025 -0.025 0.1 0.4 0 0 0 0.1 0.221 0.494 0.499 0.25 0.544 0.555 0.248 0.568 0.576
"17" 24 24 0.6 0.05 0.05 -0.025 0.1 0.4 0 0 0 0.1 0.705 0.979 0.395 0.758 0.984 0.593 0.756 0.992 0.558
"18" 24 24 0.6 0.1 0.1 -0.025 0.1 0.4 0 0 0 0.1 0.998 1 0.078 0.999 1 0.832 0.999 1 0.571
"19" 24 24 0.6 0.025 0.025 0.025 0.1 0.4 0 0 0 0.1 0.246 0.581 0.592 0.22 0.503 0.498 0.241 0.571 0.556
"20" 24 24 0.6 0.05 0.05 0.025 0.1 0.4 0 0 0 0.1 0.763 0.995 0.69 0.697 0.969 0.409 0.749 0.99 0.555
"21" 24 24 0.6 0.1 0.1 0.025 0.1 0.4 0 0 0 0.1 1 1 0.947 0.997 1 0.17 0.999 1 0.569
"22" 24 24 0.6 0.025 0.025 0.05 0.1 0.4 0 0 0 0.1 0.29 0.6 0.988 0.227 0.453 0.985 0.262 0.561 0.993
"23" 24 24 0.6 0.05 0.05 0.05 0.1 0.4 0 0 0 0.1 0.807 0.991 0.994 0.67 0.958 0.954 0.748 0.986 0.993
"24" 24 24 0.6 0.1 0.1 0.05 0.1 0.4 0 0 0 0.1 1 1 1 0.996 1 0.761 1 1 0.987
"25" 24 24 0.6 0.025 0.025 -0.05 0.1 0.5 0 0 0 0.1 0.204 0.472 0.98 0.272 0.569 0.979 0.248 0.576 0.984
"26" 24 24 0.6 0.05 0.05 -0.05 0.1 0.5 0 0 0 0.1 0.668 0.958 0.963 0.8 0.984 0.992 0.777 0.982 0.992
"27" 24 24 0.6 0.1 0.1 -0.05 0.1 0.5 0 0 0 0.1 0.997 1 0.806 0.999 1 0.999 0.999 1 0.992
"28" 24 24 0.6 0.025 0.025 -0.025 0.1 0.5 0 0 0 0.1 0.235 0.521 0.525 0.263 0.585 0.558 0.259 0.59 0.578
"29" 24 24 0.6 0.05 0.05 -0.025 0.1 0.5 0 0 0 0.1 0.703 0.982 0.376 0.767 0.988 0.614 0.751 0.992 0.548
"30" 24 24 0.6 0.1 0.1 -0.025 0.1 0.5 0 0 0 0.1 0.998 1 0.096 1 1 0.818 1 1 0.594
"31" 24 24 0.6 0.025 0.025 0.025 0.1 0.5 0 0 0 0.1 0.29 0.565 0.563 0.247 0.48 0.504 0.268 0.54 0.565
"32" 24 24 0.6 0.05 0.05 0.025 0.1 0.5 0 0 0 0.1 0.789 0.988 0.704 0.717 0.964 0.413 0.765 0.987 0.566
"33" 24 24 0.6 0.1 0.1 0.025 0.1 0.5 0 0 0 0.1 1 1 0.966 1 1 0.139 1 1 0.549
"34" 24 24 0.6 0.025 0.025 0.05 0.1 0.5 0 0 0 0.1 0.288 0.616 0.984 0.223 0.475 0.978 0.258 0.563 0.984
"35" 24 24 0.6 0.05 0.05 0.05 0.1 0.5 0 0 0 0.1 0.817 0.998 0.997 0.654 0.955 0.963 0.744 0.991 0.993
"36" 24 24 0.6 0.1 0.1 0.05 0.1 0.5 0 0 0 0.1 1 1 1 0.996 1 0.801 1 1 0.988
"37" 24 24 0.6 0.025 0.025 -0.05 0.1 0.6 0 0 0 0.1 0.224 0.488 0.98 0.3 0.593 0.985 0.286 0.586 0.989
"38" 24 24 0.6 0.05 0.05 -0.05 0.1 0.6 0 0 0 0.1 0.64 0.966 0.97 0.791 0.985 0.989 0.747 0.984 0.992
"39" 24 24 0.6 0.1 0.1 -0.05 0.1 0.6 0 0 0 0.1 0.998 1 0.777 1 1 0.997 1 1 0.989
"40" 24 24 0.6 0.025 0.025 -0.025 0.1 0.6 0 0 0 0.1 0.226 0.544 0.488 0.277 0.596 0.546 0.272 0.602 0.566
"41" 24 24 0.6 0.05 0.05 -0.025 0.1 0.6 0 0 0 0.1 0.687 0.981 0.379 0.772 0.985 0.614 0.769 0.989 0.573
"42" 24 24 0.6 0.1 0.1 -0.025 0.1 0.6 0 0 0 0.1 0.997 1 0.092 0.999 1 0.811 0.999 1 0.565
"43" 24 24 0.6 0.025 0.025 0.025 0.1 0.6 0 0 0 0.1 0.269 0.545 0.556 0.237 0.479 0.509 0.256 0.55 0.573
"44" 24 24 0.6 0.05 0.05 0.025 0.1 0.6 0 0 0 0.1 0.768 0.991 0.669 0.691 0.97 0.413 0.743 0.992 0.568
"45" 24 24 0.6 0.1 0.1 0.025 0.1 0.6 0 0 0 0.1 1 1 0.944 0.998 1 0.145 0.999 1 0.548
"46" 24 24 0.6 0.025 0.025 0.05 0.1 0.6 0 0 0 0.1 0.301 0.596 0.989 0.244 0.456 0.981 0.278 0.554 0.989
"47" 24 24 0.6 0.05 0.05 0.05 0.1 0.6 0 0 0 0.1 0.816 0.994 0.992 0.674 0.95 0.959 0.76 0.989 0.988
"48" 24 24 0.6 0.1 0.1 0.05 0.1 0.6 0 0 0 0.1 0.999 1 1 0.995 1 0.792 0.998 1 0.991
"49" 24 24 0.6 0.025 0.025 -0.05 0.1 0.7 0 0 0 0.1 0.213 0.462 0.969 0.29 0.593 0.982 0.276 0.602 0.989
"50" 24 24 0.6 0.05 0.05 -0.05 0.1 0.7 0 0 0 0.1 0.62 0.955 0.95 0.764 0.985 0.986 0.751 0.985 0.99
"51" 24 24 0.6 0.1 0.1 -0.05 0.1 0.7 0 0 0 0.1 0.997 1 0.802 1 1 0.999 1 1 0.993
"52" 24 24 0.6 0.025 0.025 -0.025 0.1 0.7 0 0 0 0.1 0.229 0.457 0.436 0.258 0.529 0.537 0.263 0.565 0.568
"53" 24 24 0.6 0.05 0.05 -0.025 0.1 0.7 0 0 0 0.1 0.65 0.971 0.388 0.738 0.988 0.609 0.74 0.992 0.601
"54" 24 24 0.6 0.1 0.1 -0.025 0.1 0.7 0 0 0 0.1 0.998 1 0.103 0.999 1 0.809 0.999 1 0.6
"55" 24 24 0.6 0.025 0.025 0.025 0.1 0.7 0 0 0 0.1 0.244 0.508 0.56 0.226 0.468 0.515 0.257 0.545 0.599
"56" 24 24 0.6 0.05 0.05 0.025 0.1 0.7 0 0 0 0.1 0.754 0.987 0.64 0.716 0.958 0.412 0.774 0.992 0.585
"57" 24 24 0.6 0.1 0.1 0.025 0.1 0.7 0 0 0 0.1 1 1 0.929 0.998 1 0.164 1 1 0.586
"58" 24 24 0.6 0.025 0.025 0.05 0.1 0.7 0 0 0 0.1 0.267 0.584 0.977 0.213 0.477 0.984 0.248 0.575 0.993
"59" 24 24 0.6 0.05 0.05 0.05 0.1 0.7 0 0 0 0.1 0.768 0.994 0.988 0.664 0.958 0.961 0.762 0.992 0.988
"60" 24 24 0.6 0.1 0.1 0.05 0.1 0.7 0 0 0 0.1 0.999 1 1 0.996 1 0.823 0.999 1 0.992
"61" 24 24 0.6 0.025 0.025 -0.05 0.1 0.3 0.025 0.025 0 0.1 0.108 0.262 0.968 0.203 0.464 0.969 0.257 0.586 0.99
"62" 24 24 0.6 0.05 0.05 -0.05 0.1 0.3 0.025 0.025 0 0.1 0.498 0.867 0.938 0.719 0.977 0.977 0.777 0.993 0.981
"63" 24 24 0.6 0.1 0.1 -0.05 0.1 0.3 0.025 0.025 0 0.1 0.987 1 0.721 0.998 1 0.998 1 1 0.996
"64" 24 24 0.6 0.025 0.025 -0.025 0.1 0.3 0.025 0.025 0 0.1 0.137 0.278 0.411 0.217 0.454 0.487 0.27 0.594 0.556
"65" 24 24 0.6 0.05 0.05 -0.025 0.1 0.3 0.025 0.025 0 0.1 0.526 0.902 0.345 0.688 0.969 0.539 0.745 0.988 0.583
"66" 24 24 0.6 0.1 0.1 -0.025 0.1 0.3 0.025 0.025 0 0.1 0.994 1 0.085 0.999 1 0.735 1 1 0.601
"67" 24 24 0.6 0.025 0.025 0.025 0.1 0.3 0.025 0.025 0 0.1 0.165 0.351 0.607 0.202 0.42 0.539 0.272 0.574 0.589
"68" 24 24 0.6 0.05 0.05 0.025 0.1 0.3 0.025 0.025 0 0.1 0.624 0.958 0.69 0.631 0.968 0.475 0.738 0.996 0.597
"69" 24 24 0.6 0.1 0.1 0.025 0.1 0.3 0.025 0.025 0 0.1 1 1 0.934 0.998 1 0.208 1 1 0.568
"70" 24 24 0.6 0.025 0.025 0.05 0.1 0.3 0.025 0.025 0 0.1 0.201 0.381 0.99 0.215 0.382 0.98 0.282 0.579 0.993
"71" 24 24 0.6 0.05 0.05 0.05 0.1 0.3 0.025 0.025 0 0.1 0.664 0.972 0.991 0.608 0.935 0.97 0.749 0.993 0.992
"72" 24 24 0.6 0.1 0.1 0.05 0.1 0.3 0.025 0.025 0 0.1 0.999 1 1 0.996 1 0.858 0.999 1 0.99
"73" 24 24 0.6 0.025 0.025 -0.05 0.1 0.4 0.025 0.025 0 0.1 0.161 0.346 0.978 0.219 0.485 0.984 0.233 0.542 0.994
"74" 24 24 0.6 0.05 0.05 -0.05 0.1 0.4 0.025 0.025 0 0.1 0.59 0.946 0.957 0.758 0.988 0.986 0.768 0.992 0.988
"75" 24 24 0.6 0.1 0.1 -0.05 0.1 0.4 0.025 0.025 0 0.1 0.994 1 0.757 1 1 0.997 1 1 0.993
"76" 24 24 0.6 0.025 0.025 -0.025 0.1 0.4 0.025 0.025 0 0.1 0.196 0.391 0.467 0.237 0.498 0.543 0.276 0.562 0.571
"77" 24 24 0.6 0.05 0.05 -0.025 0.1 0.4 0.025 0.025 0 0.1 0.647 0.958 0.374 0.733 0.98 0.612 0.77 0.988 0.589
"78" 24 24 0.6 0.1 0.1 -0.025 0.1 0.4 0.025 0.025 0 0.1 0.997 1 0.083 1 1 0.791 1 1 0.583
"79" 24 24 0.6 0.025 0.025 0.025 0.1 0.4 0.025 0.025 0 0.1 0.235 0.488 0.585 0.226 0.452 0.527 0.265 0.556 0.581
"80" 24 24 0.6 0.05 0.05 0.025 0.1 0.4 0.025 0.025 0 0.1 0.736 0.981 0.7 0.693 0.958 0.444 0.767 0.989 0.554
"81" 24 24 0.6 0.1 0.1 0.025 0.1 0.4 0.025 0.025 0 0.1 1 1 0.96 0.999 1 0.167 1 1 0.555
"82" 24 24 0.6 0.025 0.025 0.05 0.1 0.4 0.025 0.025 0 0.1 0.242 0.512 0.991 0.201 0.441 0.979 0.264 0.572 0.992
"83" 24 24 0.6 0.05 0.05 0.05 0.1 0.4 0.025 0.025 0 0.1 0.76 0.994 0.995 0.654 0.961 0.961 0.766 0.998 0.987
"84" 24 24 0.6 0.1 0.1 0.05 0.1 0.4 0.025 0.025 0 0.1 1 1 1 0.998 1 0.835 1 1 0.982
"85" 24 24 0.6 0.025 0.025 -0.05 0.1 0.5 0.025 0.025 0 0.1 0.224 0.448 0.975 0.28 0.557 0.982 0.273 0.549 0.988
"86" 24 24 0.6 0.05 0.05 -0.05 0.1 0.5 0.025 0.025 0 0.1 0.663 0.953 0.958 0.768 0.984 0.989 0.735 0.987 0.986
"87" 24 24 0.6 0.1 0.1 -0.05 0.1 0.5 0.025 0.025 0 0.1 0.998 1 0.746 1 1 0.998 1 1 0.99
"88" 24 24 0.6 0.025 0.025 -0.025 0.1 0.5 0.025 0.025 0 0.1 0.222 0.513 0.454 0.261 0.569 0.518 0.253 0.588 0.53
"89" 24 24 0.6 0.05 0.05 -0.025 0.1 0.5 0.025 0.025 0 0.1 0.694 0.978 0.352 0.756 0.98 0.582 0.745 0.983 0.549
"90" 24 24 0.6 0.1 0.1 -0.025 0.1 0.5 0.025 0.025 0 0.1 0.998 1 0.076 0.999 1 0.807 0.999 1 0.551
"91" 24 24 0.6 0.025 0.025 0.025 0.1 0.5 0.025 0.025 0 0.1 0.248 0.562 0.615 0.208 0.496 0.522 0.24 0.567 0.574
"92" 24 24 0.6 0.05 0.05 0.025 0.1 0.5 0.025 0.025 0 0.1 0.761 0.99 0.707 0.678 0.966 0.408 0.736 0.986 0.535
"93" 24 24 0.6 0.1 0.1 0.025 0.1 0.5 0.025 0.025 0 0.1 1 1 0.968 0.999 1 0.173 1 1 0.549
"94" 24 24 0.6 0.025 0.025 0.05 0.1 0.5 0.025 0.025 0 0.1 0.3 0.64 0.986 0.224 0.483 0.97 0.261 0.584 0.985
"95" 24 24 0.6 0.05 0.05 0.05 0.1 0.5 0.025 0.025 0 0.1 0.822 0.994 0.992 0.676 0.949 0.955 0.751 0.986 0.985
"96" 24 24 0.6 0.1 0.1 0.05 0.1 0.5 0.025 0.025 0 0.1 1 1 1 0.999 1 0.793 1 1 0.991
"97" 24 24 0.6 0.025 0.025 -0.05 0.1 0.6 0.025 0.025 0 0.1 0.254 0.573 0.979 0.311 0.606 0.984 0.257 0.553 0.991
"98" 24 24 0.6 0.05 0.05 -0.05 0.1 0.6 0.025 0.025 0 0.1 0.704 0.978 0.963 0.812 0.996 0.982 0.766 0.991 0.981
"99" 24 24 0.6 0.1 0.1 -0.05 0.1 0.6 0.025 0.025 0 0.1 0.999 1 0.762 1 1 0.997 0.999 1 0.991
"100" 24 24 0.6 0.025 0.025 -0.025 0.1 0.6 0.025 0.025 0 0.1 0.262 0.601 0.463 0.263 0.612 0.544 0.232 0.569 0.567
"101" 24 24 0.6 0.05 0.05 -0.025 0.1 0.6 0.025 0.025 0 0.1 0.732 0.989 0.349 0.775 0.988 0.585 0.744 0.993 0.54
"102" 24 24 0.6 0.1 0.1 -0.025 0.1 0.6 0.025 0.025 0 0.1 0.999 1 0.099 0.999 1 0.845 0.999 1 0.598
"103" 24 24 0.6 0.025 0.025 0.025 0.1 0.6 0.025 0.025 0 0.1 0.308 0.683 0.59 0.267 0.548 0.479 0.278 0.576 0.552
"104" 24 24 0.6 0.05 0.05 0.025 0.1 0.6 0.025 0.025 0 0.1 0.818 0.995 0.701 0.733 0.969 0.418 0.76 0.99 0.577
"105" 24 24 0.6 0.1 0.1 0.025 0.1 0.6 0.025 0.025 0 0.1 1 1 0.955 0.998 1 0.127 0.999 1 0.522
"106" 24 24 0.6 0.025 0.025 0.05 0.1 0.6 0.025 0.025 0 0.1 0.349 0.661 0.993 0.253 0.471 0.972 0.272 0.53 0.99
"107" 24 24 0.6 0.05 0.05 0.05 0.1 0.6 0.025 0.025 0 0.1 0.83 0.999 0.996 0.684 0.965 0.956 0.761 0.991 0.987
"108" 24 24 0.6 0.1 0.1 0.05 0.1 0.6 0.025 0.025 0 0.1 1 1 1 0.998 1 0.739 0.999 1 0.99
"109" 24 24 0.6 0.025 0.025 -0.05 0.1 0.7 0.025 0.025 0 0.1 0.305 0.619 0.971 0.334 0.651 0.986 0.265 0.565 0.991
"110" 24 24 0.6 0.05 0.05 -0.05 0.1 0.7 0.025 0.025 0 0.1 0.771 0.994 0.954 0.845 0.999 0.992 0.773 0.995 0.991
"111" 24 24 0.6 0.1 0.1 -0.05 0.1 0.7 0.025 0.025 0 0.1 0.996 1 0.792 0.999 1 0.999 0.999 1 0.994
"112" 24 24 0.6 0.025 0.025 -0.025 0.1 0.7 0.025 0.025 0 0.1 0.339 0.65 0.467 0.321 0.63 0.575 0.267 0.557 0.586
"113" 24 24 0.6 0.05 0.05 -0.025 0.1 0.7 0.025 0.025 0 0.1 0.774 0.991 0.377 0.79 0.993 0.628 0.762 0.989 0.582
"114" 24 24 0.6 0.1 0.1 -0.025 0.1 0.7 0.025 0.025 0 0.1 0.998 1 0.108 1 1 0.862 1 1 0.599
"115" 24 24 0.6 0.025 0.025 0.025 0.1 0.7 0.025 0.025 0 0.1 0.395 0.741 0.569 0.289 0.583 0.513 0.28 0.599 0.595
"116" 24 24 0.6 0.05 0.05 0.025 0.1 0.7 0.025 0.025 0 0.1 0.843 0.998 0.653 0.748 0.981 0.368 0.773 0.99 0.57
"117" 24 24 0.6 0.1 0.1 0.025 0.1 0.7 0.025 0.025 0 0.1 1 1 0.919 0.999 1 0.121 0.999 1 0.577
"118" 24 24 0.6 0.025 0.025 0.05 0.1 0.7 0.025 0.025 0 0.1 0.414 0.754 0.982 0.278 0.55 0.977 0.287 0.597 0.989
"119" 24 24 0.6 0.05 0.05 0.05 0.1 0.7 0.025 0.025 0 0.1 0.846 0.998 0.991 0.711 0.973 0.947 0.748 0.993 0.992
"120" 24 24 0.6 0.1 0.1 0.05 0.1 0.7 0.025 0.025 0 0.1 1 1 1 0.997 1 0.762 1 1 0.987
"121" 24 24 0.6 0.025 0.025 -0.05 0.1 0.3 0.05 0.05 0 0.1 0.067 0.104 0.931 0.147 0.328 0.975 0.241 0.584 0.99
"122" 24 24 0.6 0.05 0.05 -0.05 0.1 0.3 0.05 0.05 0 0.1 0.338 0.692 0.903 0.638 0.941 0.974 0.755 0.992 0.991
"123" 24 24 0.6 0.1 0.1 -0.05 0.1 0.3 0.05 0.05 0 0.1 0.975 1 0.63 0.997 1 0.991 0.999 1 0.995
"124" 24 24 0.6 0.025 0.025 -0.025 0.1 0.3 0.05 0.05 0 0.1 0.092 0.144 0.316 0.166 0.354 0.415 0.268 0.572 0.538
"125" 24 24 0.6 0.05 0.05 -0.025 0.1 0.3 0.05 0.05 0 0.1 0.386 0.772 0.223 0.611 0.939 0.5 0.729 0.987 0.612
"126" 24 24 0.6 0.1 0.1 -0.025 0.1 0.3 0.05 0.05 0 0.1 0.981 1 0.07 0.997 1 0.652 1 1 0.62
"127" 24 24 0.6 0.025 0.025 0.025 0.1 0.3 0.05 0.05 0 0.1 0.101 0.17 0.654 0.168 0.346 0.579 0.269 0.6 0.565
"128" 24 24 0.6 0.05 0.05 0.025 0.1 0.3 0.05 0.05 0 0.1 0.467 0.868 0.75 0.593 0.934 0.547 0.766 0.987 0.578
"129" 24 24 0.6 0.1 0.1 0.025 0.1 0.3 0.05 0.05 0 0.1 0.994 1 0.968 0.999 1 0.346 1 1 0.601
"130" 24 24 0.6 0.025 0.025 0.05 0.1 0.3 0.05 0.05 0 0.1 0.111 0.201 0.988 0.156 0.334 0.982 0.275 0.597 0.99
"131" 24 24 0.6 0.05 0.05 0.05 0.1 0.3 0.05 0.05 0 0.1 0.583 0.893 0.997 0.615 0.901 0.975 0.781 0.995 0.987
"132" 24 24 0.6 0.1 0.1 0.05 0.1 0.3 0.05 0.05 0 0.1 1 1 1 0.997 1 0.929 1 1 0.987
"133" 24 24 0.6 0.025 0.025 -0.05 0.1 0.4 0.05 0.05 0 0.1 0.168 0.274 0.958 0.253 0.465 0.974 0.29 0.592 0.994
"134" 24 24 0.6 0.05 0.05 -0.05 0.1 0.4 0.05 0.05 0 0.1 0.511 0.891 0.918 0.714 0.967 0.979 0.749 0.983 0.991
"135" 24 24 0.6 0.1 0.1 -0.05 0.1 0.4 0.05 0.05 0 0.1 0.992 1 0.684 1 1 0.996 1 1 0.993
"136" 24 24 0.6 0.025 0.025 -0.025 0.1 0.4 0.05 0.05 0 0.1 0.148 0.279 0.385 0.222 0.429 0.474 0.266 0.578 0.567
"137" 24 24 0.6 0.05 0.05 -0.025 0.1 0.4 0.05 0.05 0 0.1 0.58 0.925 0.291 0.709 0.969 0.564 0.764 0.991 0.608
"138" 24 24 0.6 0.1 0.1 -0.025 0.1 0.4 0.05 0.05 0 0.1 1 1 0.062 0.999 1 0.721 1 1 0.56
"139" 24 24 0.6 0.025 0.025 0.025 0.1 0.4 0.05 0.05 0 0.1 0.154 0.367 0.651 0.188 0.417 0.54 0.254 0.564 0.559
"140" 24 24 0.6 0.05 0.05 0.025 0.1 0.4 0.05 0.05 0 0.1 0.652 0.966 0.753 0.643 0.947 0.494 0.75 0.993 0.562
"141" 24 24 0.6 0.1 0.1 0.025 0.1 0.4 0.05 0.05 0 0.1 1 1 0.977 0.993 1 0.247 1 1 0.581
"142" 24 24 0.6 0.025 0.025 0.05 0.1 0.4 0.05 0.05 0 0.1 0.174 0.41 0.993 0.182 0.397 0.982 0.248 0.564 0.989
"143" 24 24 0.6 0.05 0.05 0.05 0.1 0.4 0.05 0.05 0 0.1 0.709 0.972 0.996 0.635 0.933 0.973 0.763 0.993 0.988
"144" 24 24 0.6 0.1 0.1 0.05 0.1 0.4 0.05 0.05 0 0.1 1 1 1 0.998 1 0.878 0.999 1 0.993
"145" 24 24 0.6 0.025 0.025 -0.05 0.1 0.5 0.05 0.05 0 0.1 0.201 0.459 0.959 0.283 0.56 0.977 0.256 0.567 0.987
"146" 24 24 0.6 0.05 0.05 -0.05 0.1 0.5 0.05 0.05 0 0.1 0.645 0.965 0.942 0.762 0.987 0.99 0.733 0.99 0.991
"147" 24 24 0.6 0.1 0.1 -0.05 0.1 0.5 0.05 0.05 0 0.1 1 1 0.73 1 1 0.998 1 1 0.992
"148" 24 24 0.6 0.025 0.025 -0.025 0.1 0.5 0.05 0.05 0 0.1 0.226 0.48 0.415 0.257 0.535 0.497 0.257 0.557 0.56
"149" 24 24 0.6 0.05 0.05 -0.025 0.1 0.5 0.05 0.05 0 0.1 0.706 0.978 0.318 0.758 0.987 0.565 0.753 0.991 0.561
"150" 24 24 0.6 0.1 0.1 -0.025 0.1 0.5 0.05 0.05 0 0.1 0.999 1 0.07 1 1 0.803 1 1 0.567
"151" 24 24 0.6 0.025 0.025 0.025 0.1 0.5 0.05 0.05 0 0.1 0.264 0.585 0.67 0.222 0.494 0.546 0.251 0.558 0.576
"152" 24 24 0.6 0.05 0.05 0.025 0.1 0.5 0.05 0.05 0 0.1 0.768 0.993 0.756 0.697 0.979 0.435 0.755 0.994 0.547
"153" 24 24 0.6 0.1 0.1 0.025 0.1 0.5 0.05 0.05 0 0.1 1 1 0.982 0.995 1 0.179 0.999 1 0.552
"154" 24 24 0.6 0.025 0.025 0.05 0.1 0.5 0.05 0.05 0 0.1 0.316 0.617 0.994 0.233 0.465 0.982 0.276 0.575 0.986
"155" 24 24 0.6 0.05 0.05 0.05 0.1 0.5 0.05 0.05 0 0.1 0.809 0.991 0.998 0.654 0.961 0.971 0.748 0.99 0.992
"156" 24 24 0.6 0.1 0.1 0.05 0.1 0.5 0.05 0.05 0 0.1 1 1 1 0.996 1 0.828 1 1 0.989
"157" 24 24 0.6 0.025 0.025 -0.05 0.1 0.6 0.05 0.05 0 0.1 0.331 0.634 0.953 0.337 0.675 0.98 0.271 0.566 0.987
"158" 24 24 0.6 0.05 0.05 -0.05 0.1 0.6 0.05 0.05 0 0.1 0.739 0.981 0.942 0.816 0.989 0.984 0.737 0.983 0.988
"159" 24 24 0.6 0.1 0.1 -0.05 0.1 0.6 0.05 0.05 0 0.1 1 1 0.721 0.999 1 1 1 1 0.991
"160" 24 24 0.6 0.025 0.025 -0.025 0.1 0.6 0.05 0.05 0 0.1 0.321 0.713 0.39 0.303 0.667 0.526 0.245 0.602 0.566
"161" 24 24 0.6 0.05 0.05 -0.025 0.1 0.6 0.05 0.05 0 0.1 0.804 0.995 0.313 0.823 0.996 0.635 0.776 0.995 0.602
"162" 24 24 0.6 0.1 0.1 -0.025 0.1 0.6 0.05 0.05 0 0.1 1 1 0.074 1 1 0.843 0.999 1 0.604
"163" 24 24 0.6 0.025 0.025 0.025 0.1 0.6 0.05 0.05 0 0.1 0.385 0.719 0.664 0.286 0.554 0.524 0.287 0.547 0.573
"164" 24 24 0.6 0.05 0.05 0.025 0.1 0.6 0.05 0.05 0 0.1 0.836 0.996 0.733 0.722 0.976 0.426 0.737 0.987 0.572
"165" 24 24 0.6 0.1 0.1 0.025 0.1 0.6 0.05 0.05 0 0.1 1 1 0.963 0.998 1 0.144 0.999 1 0.547
"166" 24 24 0.6 0.025 0.025 0.05 0.1 0.6 0.05 0.05 0 0.1 0.394 0.752 0.995 0.262 0.51 0.978 0.275 0.555 0.992
"167" 24 24 0.6 0.05 0.05 0.05 0.1 0.6 0.05 0.05 0 0.1 0.867 1 0.998 0.703 0.964 0.961 0.748 0.987 0.991
"168" 24 24 0.6 0.1 0.1 0.05 0.1 0.6 0.05 0.05 0 0.1 1 1 1 0.997 1 0.774 0.999 1 0.988
"169" 24 24 0.6 0.025 0.025 -0.05 0.1 0.7 0.05 0.05 0 0.1 0.431 0.824 0.962 0.407 0.768 0.989 0.269 0.587 0.994
"170" 24 24 0.6 0.05 0.05 -0.05 0.1 0.7 0.05 0.05 0 0.1 0.842 0.996 0.939 0.878 0.998 0.99 0.766 0.994 0.992
"171" 24 24 0.6 0.1 0.1 -0.05 0.1 0.7 0.05 0.05 0 0.1 0.999 1 0.743 1 1 0.999 0.999 1 0.986
"172" 24 24 0.6 0.025 0.025 -0.025 0.1 0.7 0.05 0.05 0 0.1 0.462 0.842 0.395 0.384 0.749 0.571 0.266 0.599 0.597
"173" 24 24 0.6 0.05 0.05 -0.025 0.1 0.7 0.05 0.05 0 0.1 0.867 0.999 0.295 0.854 0.998 0.636 0.787 0.995 0.581
"174" 24 24 0.6 0.1 0.1 -0.025 0.1 0.7 0.05 0.05 0 0.1 0.999 1 0.098 0.999 1 0.861 0.999 1 0.584
"175" 24 24 0.6 0.025 0.025 0.025 0.1 0.7 0.05 0.05 0 0.1 0.512 0.881 0.623 0.337 0.631 0.488 0.274 0.563 0.581
"176" 24 24 0.6 0.05 0.05 0.025 0.1 0.7 0.05 0.05 0 0.1 0.907 1 0.709 0.792 0.986 0.357 0.773 0.989 0.572
"177" 24 24 0.6 0.1 0.1 0.025 0.1 0.7 0.05 0.05 0 0.1 1 1 0.94 1 1 0.119 1 1 0.57
"178" 24 24 0.6 0.025 0.025 0.05 0.1 0.7 0.05 0.05 0 0.1 0.506 0.886 0.988 0.287 0.583 0.974 0.26 0.575 0.992
"179" 24 24 0.6 0.05 0.05 0.05 0.1 0.7 0.05 0.05 0 0.1 0.916 0.999 0.996 0.737 0.985 0.953 0.755 0.993 0.994
"180" 24 24 0.6 0.1 0.1 0.05 0.1 0.7 0.05 0.05 0 0.1 1 1 1 0.997 1 0.737 1 1 0.992
"181" 24 24 0.6 0.025 0.025 -0.05 0.1 0.3 0.1 0.1 0 0.1 0.072 0.079 0.724 0.093 0.147 0.925 0.296 0.606 0.991
"182" 24 24 0.6 0.05 0.05 -0.05 0.1 0.3 0.1 0.1 0 0.1 0.139 0.252 0.564 0.474 0.824 0.899 0.775 0.996 0.996
"183" 24 24 0.6 0.1 0.1 -0.05 0.1 0.3 0.1 0.1 0 0.1 0.883 0.999 0.202 0.994 1 0.93 1 1 0.993
"184" 24 24 0.6 0.025 0.025 -0.025 0.1 0.3 0.1 0.1 0 0.1 0.051 0.078 0.09 0.118 0.159 0.294 0.272 0.571 0.609
"185" 24 24 0.6 0.05 0.05 -0.025 0.1 0.3 0.1 0.1 0 0.1 0.141 0.333 0.057 0.459 0.848 0.261 0.767 0.996 0.608
"186" 24 24 0.6 0.1 0.1 -0.025 0.1 0.3 0.1 0.1 0 0.1 0.918 1 0.147 0.992 1 0.285 1 1 0.596
"187" 24 24 0.6 0.025 0.025 0.025 0.1 0.3 0.1 0.1 0 0.1 0.048 0.059 0.897 0.111 0.173 0.75 0.273 0.576 0.583
"188" 24 24 0.6 0.05 0.05 0.025 0.1 0.3 0.1 0.1 0 0.1 0.236 0.509 0.957 0.477 0.859 0.789 0.765 0.991 0.599
"189" 24 24 0.6 0.1 0.1 0.025 0.1 0.3 0.1 0.1 0 0.1 0.97 1 0.998 0.99 1 0.702 1 1 0.602
"190" 24 24 0.6 0.025 0.025 0.05 0.1 0.3 0.1 0.1 0 0.1 0.037 0.053 0.999 0.119 0.192 0.996 0.289 0.565 0.994
"191" 24 24 0.6 0.05 0.05 0.05 0.1 0.3 0.1 0.1 0 0.1 0.267 0.587 1 0.455 0.842 0.994 0.76 0.991 0.993
"192" 24 24 0.6 0.1 0.1 0.05 0.1 0.3 0.1 0.1 0 0.1 0.991 1 1 0.99 1 0.99 0.999 1 0.997
"193" 24 24 0.6 0.025 0.025 -0.05 0.1 0.4 0.1 0.1 0 0.1 0.07 0.113 0.797 0.144 0.329 0.947 0.258 0.585 0.989
"194" 24 24 0.6 0.05 0.05 -0.05 0.1 0.4 0.1 0.1 0 0.1 0.377 0.729 0.7 0.643 0.941 0.943 0.781 0.989 0.991
"195" 24 24 0.6 0.1 0.1 -0.05 0.1 0.4 0.1 0.1 0 0.1 0.982 1 0.366 0.999 1 0.97 1 1 0.987
"196" 24 24 0.6 0.025 0.025 -0.025 0.1 0.4 0.1 0.1 0 0.1 0.074 0.122 0.13 0.145 0.332 0.334 0.246 0.587 0.589
"197" 24 24 0.6 0.05 0.05 -0.025 0.1 0.4 0.1 0.1 0 0.1 0.384 0.762 0.084 0.603 0.93 0.347 0.758 0.993 0.596
"198" 24 24 0.6 0.1 0.1 -0.025 0.1 0.4 0.1 0.1 0 0.1 0.979 1 0.075 0.997 1 0.508 0.998 1 0.612
"199" 24 24 0.6 0.025 0.025 0.025 0.1 0.4 0.1 0.1 0 0.1 0.091 0.181 0.885 0.175 0.337 0.693 0.272 0.58 0.565
"200" 24 24 0.6 0.05 0.05 0.025 0.1 0.4 0.1 0.1 0 0.1 0.529 0.879 0.944 0.603 0.918 0.708 0.77 0.992 0.593
"201" 24 24 0.6 0.1 0.1 0.025 0.1 0.4 0.1 0.1 0 0.1 0.999 1 0.991 0.997 1 0.455 1 1 0.575
"202" 24 24 0.6 0.025 0.025 0.05 0.1 0.4 0.1 0.1 0 0.1 0.118 0.22 0.999 0.156 0.321 0.993 0.261 0.577 0.988
"203" 24 24 0.6 0.05 0.05 0.05 0.1 0.4 0.1 0.1 0 0.1 0.565 0.894 0.999 0.558 0.896 0.994 0.743 0.99 0.99
"204" 24 24 0.6 0.1 0.1 0.05 0.1 0.4 0.1 0.1 0 0.1 0.999 1 1 0.993 1 0.969 1 1 0.995
"205" 24 24 0.6 0.025 0.025 -0.05 0.1 0.5 0.1 0.1 0 0.1 0.222 0.461 0.833 0.27 0.556 0.943 0.265 0.57 0.985
"206" 24 24 0.6 0.05 0.05 -0.05 0.1 0.5 0.1 0.1 0 0.1 0.653 0.953 0.763 0.761 0.984 0.966 0.758 0.99 0.989
"207" 24 24 0.6 0.1 0.1 -0.05 0.1 0.5 0.1 0.1 0 0.1 0.998 1 0.45 0.999 1 0.989 0.999 1 0.992
"208" 24 24 0.6 0.025 0.025 -0.025 0.1 0.5 0.1 0.1 0 0.1 0.244 0.469 0.17 0.267 0.518 0.352 0.281 0.565 0.541
"209" 24 24 0.6 0.05 0.05 -0.025 0.1 0.5 0.1 0.1 0 0.1 0.68 0.964 0.117 0.727 0.982 0.432 0.748 0.991 0.588
"210" 24 24 0.6 0.1 0.1 -0.025 0.1 0.5 0.1 0.1 0 0.1 0.999 1 0.051 1 1 0.685 1 1 0.608
"211" 24 24 0.6 0.025 0.025 0.025 0.1 0.5 0.1 0.1 0 0.1 0.279 0.547 0.87 0.235 0.472 0.652 0.285 0.565 0.554
"212" 24 24 0.6 0.05 0.05 0.025 0.1 0.5 0.1 0.1 0 0.1 0.773 0.987 0.918 0.697 0.953 0.584 0.763 0.99 0.57
"213" 24 24 0.6 0.1 0.1 0.025 0.1 0.5 0.1 0.1 0 0.1 0.999 1 0.989 0.997 1 0.297 0.999 1 0.575
"214" 24 24 0.6 0.025 0.025 0.05 0.1 0.5 0.1 0.1 0 0.1 0.282 0.582 0.999 0.215 0.44 0.993 0.259 0.542 0.99
"215" 24 24 0.6 0.05 0.05 0.05 0.1 0.5 0.1 0.1 0 0.1 0.772 0.994 1 0.615 0.959 0.989 0.736 0.993 0.994
"216" 24 24 0.6 0.1 0.1 0.05 0.1 0.5 0.1 0.1 0 0.1 1 1 1 0.996 1 0.915 1 1 0.995
"217" 24 24 0.6 0.025 0.025 -0.05 0.1 0.6 0.1 0.1 0 0.1 0.462 0.797 0.812 0.384 0.754 0.95 0.271 0.597 0.98
"218" 24 24 0.6 0.05 0.05 -0.05 0.1 0.6 0.1 0.1 0 0.1 0.864 0.994 0.76 0.865 0.994 0.969 0.778 0.985 0.982
"219" 24 24 0.6 0.1 0.1 -0.05 0.1 0.6 0.1 0.1 0 0.1 0.999 1 0.482 1 1 0.997 0.999 1 0.991
"220" 24 24 0.6 0.025 0.025 -0.025 0.1 0.6 0.1 0.1 0 0.1 0.464 0.822 0.172 0.343 0.697 0.406 0.246 0.542 0.566
"221" 24 24 0.6 0.05 0.05 -0.025 0.1 0.6 0.1 0.1 0 0.1 0.876 0.997 0.119 0.834 0.991 0.503 0.76 0.988 0.558
"222" 24 24 0.6 0.1 0.1 -0.025 0.1 0.6 0.1 0.1 0 0.1 1 1 0.054 1 1 0.803 1 1 0.569
"223" 24 24 0.6 0.025 0.025 0.025 0.1 0.6 0.1 0.1 0 0.1 0.503 0.861 0.86 0.301 0.633 0.61 0.256 0.581 0.563
"224" 24 24 0.6 0.05 0.05 0.025 0.1 0.6 0.1 0.1 0 0.1 0.907 0.996 0.902 0.76 0.986 0.493 0.747 0.994 0.56
"225" 24 24 0.6 0.1 0.1 0.025 0.1 0.6 0.1 0.1 0 0.1 1 1 0.991 1 1 0.174 1 1 0.56
"226" 24 24 0.6 0.025 0.025 0.05 0.1 0.6 0.1 0.1 0 0.1 0.522 0.891 0.999 0.272 0.591 0.982 0.265 0.593 0.985
"227" 24 24 0.6 0.05 0.05 0.05 0.1 0.6 0.1 0.1 0 0.1 0.925 1 1 0.712 0.968 0.979 0.734 0.988 0.99
"228" 24 24 0.6 0.1 0.1 0.05 0.1 0.6 0.1 0.1 0 0.1 1 1 1 1 1 0.799 1 1 0.986
"229" 24 24 0.6 0.025 0.025 -0.05 0.1 0.7 0.1 0.1 0 0.1 0.746 0.977 0.764 0.553 0.903 0.968 0.265 0.59 0.987
"230" 24 24 0.6 0.05 0.05 -0.05 0.1 0.7 0.1 0.1 0 0.1 0.952 1 0.769 0.925 1 0.994 0.764 0.989 0.997
"231" 24 24 0.6 0.1 0.1 -0.05 0.1 0.7 0.1 0.1 0 0.1 1 1 0.594 1 1 0.999 1 1 0.993
"232" 24 24 0.6 0.025 0.025 -0.025 0.1 0.7 0.1 0.1 0 0.1 0.735 0.967 0.119 0.507 0.847 0.461 0.268 0.564 0.603
"233" 24 24 0.6 0.05 0.05 -0.025 0.1 0.7 0.1 0.1 0 0.1 0.957 1 0.115 0.914 1 0.59 0.787 0.991 0.579
"234" 24 24 0.6 0.1 0.1 -0.025 0.1 0.7 0.1 0.1 0 0.1 1 1 0.044 1 1 0.865 1 1 0.591
"235" 24 24 0.6 0.025 0.025 0.025 0.1 0.7 0.1 0.1 0 0.1 0.746 0.978 0.859 0.416 0.773 0.578 0.278 0.574 0.58
"236" 24 24 0.6 0.05 0.05 0.025 0.1 0.7 0.1 0.1 0 0.1 0.971 1 0.894 0.817 0.988 0.404 0.748 0.987 0.577
"237" 24 24 0.6 0.1 0.1 0.025 0.1 0.7 0.1 0.1 0 0.1 1 1 0.977 1 1 0.097 1 1 0.567
"238" 24 24 0.6 0.025 0.025 0.05 0.1 0.7 0.1 0.1 0 0.1 0.745 0.978 0.999 0.352 0.711 0.99 0.257 0.588 0.994
"239" 24 24 0.6 0.05 0.05 0.05 0.1 0.7 0.1 0.1 0 0.1 0.975 1 1 0.79 0.989 0.955 0.761 0.992 0.996
"240" 24 24 0.6 0.1 0.1 0.05 0.1 0.7 0.1 0.1 0 0.1 1 1 1 1 1 0.713 1 1 0.992
