"N_s" "N_t" "d_0" "d_1" "d_2" "d_3" "d_SD" "k_0" "k_1" "k_2" "k_3" "k_SD" "S" "B.dp" "W.dp" "BxW.dp" "B.Ap" "W.Ap" "BxW.Ap" "B.Pr" "W.Pr" "BxW.Pr"
"1" 24 12 1.5 0 0 0 0.5 0 0 0 0 0 1 0.04 0.054 0.044 0.049 0.045 0.045 0.049 0.048 0.043
"2" 24 24 1.5 0 0 0 0.5 0 0 0 0 0 1 0.036 0.056 0.059 0.039 0.052 0.062 0.036 0.053 0.063
"3" 24 48 1.5 0 0 0 0.5 0 0 0 0 0 1 0.051 0.037 0.04 0.046 0.048 0.04 0.052 0.043 0.038
"4" 24 12 2 0 0 0 0.5 0 0 0 0 0 1 0.043 0.04 0.058 0.047 0.046 0.051 0.049 0.045 0.049
"5" 24 24 2 0 0 0 0.5 0 0 0 0 0 1 0.056 0.052 0.043 0.059 0.046 0.04 0.064 0.047 0.045
"6" 24 48 2 0 0 0 0.5 0 0 0 0 0 1 0.042 0.056 0.049 0.037 0.065 0.051 0.04 0.061 0.052
"7" 24 12 2.5 0 0 0 0.5 0 0 0 0 0 1 0.035 0.047 0.051 0.042 0.049 0.049 0.034 0.054 0.053
"8" 24 24 2.5 0 0 0 0.5 0 0 0 0 0 1 0.049 0.051 0.046 0.043 0.046 0.042 0.047 0.049 0.044
"9" 24 48 2.5 0 0 0 0.5 0 0 0 0 0 1 0.053 0.061 0.042 0.046 0.063 0.04 0.046 0.063 0.041
"10" 24 12 3 0 0 0 0.5 0 0 0 0 0 1 0.04 0.049 0.053 0.034 0.05 0.042 0.035 0.051 0.043
"11" 24 24 3 0 0 0 0.5 0 0 0 0 0 1 0.054 0.051 0.048 0.05 0.044 0.046 0.053 0.046 0.044
"12" 24 48 3 0 0 0 0.5 0 0 0 0 0 1 0.045 0.039 0.039 0.043 0.049 0.048 0.041 0.048 0.045
"13" 24 12 3.5 0 0 0 0.5 0 0 0 0 0 1 0.06 0.038 0.046 0.058 0.043 0.048 0.056 0.04 0.051
"14" 24 24 3.5 0 0 0 0.5 0 0 0 0 0 1 0.056 0.048 0.07 0.055 0.05 0.068 0.056 0.046 0.063
"15" 24 48 3.5 0 0 0 0.5 0 0 0 0 0 1 0.046 0.052 0.052 0.046 0.039 0.051 0.044 0.041 0.046
"16" 24 12 1.5 0.125 0.125 0 0.5 0 0 0 0 0 1 0.238 0.489 0.046 0.237 0.493 0.051 0.235 0.543 0.05
"17" 24 24 1.5 0.125 0.125 0 0.5 0 0 0 0 0 1 0.301 0.822 0.055 0.284 0.817 0.057 0.299 0.86 0.053
"18" 24 48 1.5 0.125 0.125 0 0.5 0 0 0 0 0 1 0.366 0.98 0.053 0.339 0.979 0.076 0.36 0.984 0.054
"19" 24 12 2 0.125 0.125 0 0.5 0 0 0 0 0 1 0.245 0.455 0.052 0.257 0.489 0.061 0.259 0.519 0.06
"20" 24 24 2 0.125 0.125 0 0.5 0 0 0 0 0 1 0.303 0.75 0.054 0.299 0.77 0.057 0.303 0.797 0.054
"21" 24 48 2 0.125 0.125 0 0.5 0 0 0 0 0 1 0.346 0.959 0.044 0.336 0.963 0.065 0.35 0.975 0.062
"22" 24 12 2.5 0.125 0.125 0 0.5 0 0 0 0 0 1 0.237 0.358 0.062 0.228 0.397 0.051 0.236 0.417 0.054
"23" 24 24 2.5 0.125 0.125 0 0.5 0 0 0 0 0 1 0.262 0.636 0.054 0.271 0.657 0.069 0.279 0.684 0.063
"24" 24 48 2.5 0.125 0.125 0 0.5 0 0 0 0 0 1 0.326 0.911 0.054 0.307 0.932 0.059 0.322 0.944 0.057
"25" 24 12 3 0.125 0.125 0 0.5 0 0 0 0 0 1 0.203 0.321 0.054 0.193 0.341 0.046 0.201 0.349 0.051
"26" 24 24 3 0.125 0.125 0 0.5 0 0 0 0 0 1 0.266 0.536 0.053 0.244 0.576 0.058 0.252 0.581 0.054
"27" 24 48 3 0.125 0.125 0 0.5 0 0 0 0 0 1 0.337 0.806 0.071 0.307 0.819 0.064 0.315 0.827 0.07
"28" 24 12 3.5 0.125 0.125 0 0.5 0 0 0 0 0 1 0.173 0.223 0.057 0.172 0.243 0.063 0.175 0.245 0.063
"29" 24 24 3.5 0.125 0.125 0 0.5 0 0 0 0 0 1 0.244 0.381 0.045 0.236 0.408 0.055 0.236 0.411 0.059
"30" 24 48 3.5 0.125 0.125 0 0.5 0 0 0 0 0 1 0.256 0.74 0.056 0.254 0.752 0.066 0.258 0.758 0.063
"31" 24 12 1.5 0.25 0.25 0 0.5 0 0 0 0 0 1 0.722 0.973 0.038 0.719 0.972 0.111 0.744 0.987 0.063
"32" 24 24 1.5 0.25 0.25 0 0.5 0 0 0 0 0 1 0.824 1 0.039 0.791 1 0.152 0.826 1 0.061
"33" 24 48 1.5 0.25 0.25 0 0.5 0 0 0 0 0 1 0.892 1 0.05 0.875 1 0.301 0.898 1 0.129
"34" 24 12 2 0.25 0.25 0 0.5 0 0 0 0 0 1 0.713 0.957 0.055 0.705 0.967 0.121 0.738 0.974 0.079
"35" 24 24 2 0.25 0.25 0 0.5 0 0 0 0 0 1 0.79 0.998 0.05 0.77 0.999 0.147 0.796 0.999 0.094
"36" 24 48 2 0.25 0.25 0 0.5 0 0 0 0 0 1 0.871 1 0.056 0.839 1 0.245 0.859 1 0.129
"37" 24 12 2.5 0.25 0.25 0 0.5 0 0 0 0 0 1 0.654 0.92 0.042 0.635 0.934 0.091 0.654 0.951 0.08
"38" 24 24 2.5 0.25 0.25 0 0.5 0 0 0 0 0 1 0.789 0.996 0.046 0.771 0.999 0.135 0.796 1 0.094
"39" 24 48 2.5 0.25 0.25 0 0.5 0 0 0 0 0 1 0.856 1 0.039 0.845 1 0.255 0.856 1 0.18
"40" 24 12 3 0.25 0.25 0 0.5 0 0 0 0 0 1 0.609 0.811 0.06 0.607 0.835 0.099 0.619 0.85 0.096
"41" 24 24 3 0.25 0.25 0 0.5 0 0 0 0 0 1 0.718 0.983 0.055 0.709 0.992 0.125 0.719 0.993 0.103
"42" 24 48 3 0.25 0.25 0 0.5 0 0 0 0 0 1 0.85 1 0.066 0.834 1 0.195 0.846 1 0.149
"43" 24 12 3.5 0.25 0.25 0 0.5 0 0 0 0 0 1 0.521 0.721 0.055 0.515 0.736 0.068 0.526 0.751 0.065
"44" 24 24 3.5 0.25 0.25 0 0.5 0 0 0 0 0 1 0.699 0.95 0.079 0.694 0.959 0.133 0.706 0.961 0.121
"45" 24 48 3.5 0.25 0.25 0 0.5 0 0 0 0 0 1 0.808 0.999 0.071 0.793 0.998 0.194 0.803 0.998 0.167
"46" 24 12 1.5 0.5 0.5 0 0.5 0 0 0 0 0 1 0.999 1 0.054 0.997 1 0.676 0.998 1 0.284
"47" 24 24 1.5 0.5 0.5 0 0.5 0 0 0 0 0 1 1 1 0.049 1 1 0.901 1 1 0.474
"48" 24 48 1.5 0.5 0.5 0 0.5 0 0 0 0 0 1 1 1 0.057 1 1 0.991 1 1 0.738
"49" 24 12 2 0.5 0.5 0 0.5 0 0 0 0 0 1 0.998 1 0.047 0.999 1 0.686 0.999 1 0.405
"50" 24 24 2 0.5 0.5 0 0.5 0 0 0 0 0 1 0.999 1 0.058 1 1 0.902 1 1 0.618
"51" 24 48 2 0.5 0.5 0 0.5 0 0 0 0 0 1 1 1 0.059 1 1 0.987 1 1 0.872
"52" 24 12 2.5 0.5 0.5 0 0.5 0 0 0 0 0 1 0.995 1 0.087 0.993 1 0.659 0.996 1 0.468
"53" 24 24 2.5 0.5 0.5 0 0.5 0 0 0 0 0 1 1 1 0.066 1 1 0.893 1 1 0.71
"54" 24 48 2.5 0.5 0.5 0 0.5 0 0 0 0 0 1 1 1 0.051 1 1 0.983 1 1 0.928
"55" 24 12 3 0.5 0.5 0 0.5 0 0 0 0 0 1 0.99 1 0.196 0.99 1 0.587 0.994 1 0.495
"56" 24 24 3 0.5 0.5 0 0.5 0 0 0 0 0 1 0.999 1 0.171 0.998 1 0.865 0.999 1 0.753
"57" 24 48 3 0.5 0.5 0 0.5 0 0 0 0 0 1 1 1 0.181 1 1 0.974 1 1 0.938
"58" 24 12 3.5 0.5 0.5 0 0.5 0 0 0 0 0 1 0.99 0.999 0.288 0.99 1 0.548 0.994 1 0.486
"59" 24 24 3.5 0.5 0.5 0 0.5 0 0 0 0 0 1 1 1 0.353 0.997 1 0.801 0.998 1 0.752
"60" 24 48 3.5 0.5 0.5 0 0.5 0 0 0 0 0 1 1 1 0.483 1 1 0.956 1 1 0.928
