"N_s" "N_t" "Pr_0" "Pr_1" "Pr_2" "Pr_3" "Pr_SD" "Br_0" "Br_1" "Br_2" "Br_3" "Br_SD" "B.dp" "W.dp" "BxW.dp" "B.Ap" "W.Ap" "BxW.Ap" "B.Pr" "W.Pr" "BxW.Pr"
"1" 24 12 0.4 0 0 0 0.1 0.5 0 0 0 0 0.068 0.041 0.055 0.065 0.045 0.043 0.069 0.045 0.047
"2" 24 24 0.4 0 0 0 0.1 0.5 0 0 0 0 0.051 0.06 0.056 0.051 0.06 0.061 0.052 0.058 0.057
"3" 24 48 0.4 0 0 0 0.1 0.5 0 0 0 0 0.045 0.045 0.043 0.043 0.036 0.04 0.04 0.038 0.047
"4" 24 12 0.5 0 0 0 0.1 0.5 0 0 0 0 0.045 0.051 0.036 0.045 0.048 0.047 0.047 0.052 0.039
"5" 24 24 0.5 0 0 0 0.1 0.5 0 0 0 0 0.063 0.041 0.053 0.068 0.047 0.047 0.067 0.045 0.048
"6" 24 48 0.5 0 0 0 0.1 0.5 0 0 0 0 0.04 0.041 0.047 0.038 0.043 0.059 0.04 0.047 0.053
"7" 24 12 0.6 0 0 0 0.1 0.5 0 0 0 0 0.052 0.055 0.054 0.057 0.055 0.047 0.058 0.061 0.053
"8" 24 24 0.6 0 0 0 0.1 0.5 0 0 0 0 0.047 0.049 0.049 0.047 0.043 0.04 0.044 0.041 0.043
"9" 24 48 0.6 0 0 0 0.1 0.5 0 0 0 0 0.051 0.054 0.045 0.045 0.061 0.044 0.046 0.057 0.046
"10" 24 12 0.7 0 0 0 0.1 0.5 0 0 0 0 0.055 0.054 0.049 0.055 0.045 0.056 0.055 0.051 0.059
"11" 24 24 0.7 0 0 0 0.1 0.5 0 0 0 0 0.054 0.046 0.049 0.051 0.049 0.053 0.055 0.053 0.061
"12" 24 48 0.7 0 0 0 0.1 0.5 0 0 0 0 0.05 0.05 0.044 0.043 0.058 0.045 0.044 0.059 0.047
"13" 24 12 0.8 0 0 0 0.1 0.5 0 0 0 0 0.052 0.036 0.046 0.046 0.041 0.055 0.047 0.041 0.052
"14" 24 24 0.8 0 0 0 0.1 0.5 0 0 0 0 0.038 0.047 0.054 0.044 0.045 0.064 0.044 0.048 0.063
"15" 24 48 0.8 0 0 0 0.1 0.5 0 0 0 0 0.069 0.047 0.05 0.067 0.042 0.054 0.063 0.048 0.057
"16" 24 12 0.4 0.025 0.025 0 0.1 0.5 0 0 0 0 0.158 0.218 0.041 0.177 0.239 0.037 0.165 0.239 0.041
"17" 24 24 0.4 0.025 0.025 0 0.1 0.5 0 0 0 0 0.222 0.448 0.051 0.22 0.438 0.046 0.213 0.451 0.048
"18" 24 48 0.4 0.025 0.025 0 0.1 0.5 0 0 0 0 0.314 0.728 0.047 0.311 0.701 0.051 0.315 0.726 0.045
"19" 24 12 0.5 0.025 0.025 0 0.1 0.5 0 0 0 0 0.163 0.271 0.057 0.177 0.26 0.064 0.184 0.284 0.061
"20" 24 24 0.5 0.025 0.025 0 0.1 0.5 0 0 0 0 0.267 0.469 0.061 0.258 0.462 0.061 0.267 0.487 0.061
"21" 24 48 0.5 0.025 0.025 0 0.1 0.5 0 0 0 0 0.286 0.791 0.053 0.288 0.747 0.049 0.291 0.779 0.054
"22" 24 12 0.6 0.025 0.025 0 0.1 0.5 0 0 0 0 0.191 0.299 0.046 0.198 0.285 0.04 0.204 0.316 0.039
"23" 24 24 0.6 0.025 0.025 0 0.1 0.5 0 0 0 0 0.254 0.551 0.05 0.25 0.52 0.051 0.257 0.565 0.049
"24" 24 48 0.6 0.025 0.025 0 0.1 0.5 0 0 0 0 0.305 0.862 0.046 0.294 0.837 0.044 0.307 0.859 0.045
"25" 24 12 0.7 0.025 0.025 0 0.1 0.5 0 0 0 0 0.212 0.369 0.057 0.199 0.342 0.055 0.211 0.385 0.057
"26" 24 24 0.7 0.025 0.025 0 0.1 0.5 0 0 0 0 0.281 0.646 0.047 0.284 0.586 0.053 0.295 0.628 0.05
"27" 24 48 0.7 0.025 0.025 0 0.1 0.5 0 0 0 0 0.329 0.935 0.055 0.344 0.894 0.044 0.346 0.919 0.044
"28" 24 12 0.8 0.025 0.025 0 0.1 0.5 0 0 0 0 0.248 0.507 0.053 0.231 0.44 0.054 0.242 0.484 0.053
"29" 24 24 0.8 0.025 0.025 0 0.1 0.5 0 0 0 0 0.3 0.823 0.049 0.295 0.719 0.05 0.297 0.777 0.048
"30" 24 48 0.8 0.025 0.025 0 0.1 0.5 0 0 0 0 0.322 0.985 0.051 0.319 0.949 0.057 0.319 0.964 0.052
"31" 24 12 0.4 0.05 0.05 0 0.1 0.5 0 0 0 0 0.518 0.698 0.058 0.527 0.688 0.06 0.547 0.71 0.048
"32" 24 24 0.4 0.05 0.05 0 0.1 0.5 0 0 0 0 0.689 0.945 0.063 0.672 0.926 0.068 0.698 0.944 0.067
"33" 24 48 0.4 0.05 0.05 0 0.1 0.5 0 0 0 0 0.8 1 0.055 0.795 1 0.068 0.806 1 0.05
"34" 24 12 0.5 0.05 0.05 0 0.1 0.5 0 0 0 0 0.553 0.773 0.048 0.534 0.747 0.053 0.567 0.797 0.047
"35" 24 24 0.5 0.05 0.05 0 0.1 0.5 0 0 0 0 0.688 0.965 0.054 0.681 0.954 0.055 0.704 0.966 0.049
"36" 24 48 0.5 0.05 0.05 0 0.1 0.5 0 0 0 0 0.82 1 0.062 0.808 0.999 0.073 0.818 1 0.046
"37" 24 12 0.6 0.05 0.05 0 0.1 0.5 0 0 0 0 0.589 0.829 0.063 0.582 0.81 0.048 0.61 0.841 0.058
"38" 24 24 0.6 0.05 0.05 0 0.1 0.5 0 0 0 0 0.75 0.984 0.071 0.741 0.97 0.065 0.756 0.983 0.058
"39" 24 48 0.6 0.05 0.05 0 0.1 0.5 0 0 0 0 0.837 1 0.087 0.837 1 0.06 0.838 1 0.04
"40" 24 12 0.7 0.05 0.05 0 0.1 0.5 0 0 0 0 0.655 0.903 0.059 0.622 0.873 0.052 0.646 0.918 0.045
"41" 24 24 0.7 0.05 0.05 0 0.1 0.5 0 0 0 0 0.781 0.996 0.104 0.783 0.995 0.051 0.792 0.997 0.05
"42" 24 48 0.7 0.05 0.05 0 0.1 0.5 0 0 0 0 0.825 1 0.156 0.822 1 0.064 0.83 1 0.048
"43" 24 12 0.8 0.05 0.05 0 0.1 0.5 0 0 0 0 0.738 0.977 0.081 0.698 0.945 0.065 0.726 0.966 0.057
"44" 24 24 0.8 0.05 0.05 0 0.1 0.5 0 0 0 0 0.84 1 0.096 0.808 0.999 0.084 0.827 1 0.067
"45" 24 48 0.8 0.05 0.05 0 0.1 0.5 0 0 0 0 0.873 1 0.168 0.858 1 0.082 0.871 1 0.07
"46" 24 12 0.4 0.1 0.1 0 0.1 0.5 0 0 0 0 0.989 1 0.077 0.984 0.997 0.104 0.99 0.999 0.051
"47" 24 24 0.4 0.1 0.1 0 0.1 0.5 0 0 0 0 1 1 0.142 1 1 0.149 1 1 0.058
"48" 24 48 0.4 0.1 0.1 0 0.1 0.5 0 0 0 0 1 1 0.163 0.999 1 0.245 1 1 0.054
"49" 24 12 0.5 0.1 0.1 0 0.1 0.5 0 0 0 0 0.991 0.998 0.119 0.983 0.997 0.1 0.991 0.998 0.044
"50" 24 24 0.5 0.1 0.1 0 0.1 0.5 0 0 0 0 0.998 1 0.188 0.997 1 0.171 0.997 1 0.056
"51" 24 48 0.5 0.1 0.1 0 0.1 0.5 0 0 0 0 1 1 0.313 1 1 0.251 1 1 0.053
"52" 24 12 0.6 0.1 0.1 0 0.1 0.5 0 0 0 0 0.996 1 0.18 0.987 1 0.123 0.995 1 0.053
"53" 24 24 0.6 0.1 0.1 0 0.1 0.5 0 0 0 0 1 1 0.375 1 1 0.151 1 1 0.048
"54" 24 48 0.6 0.1 0.1 0 0.1 0.5 0 0 0 0 1 1 0.63 1 1 0.302 1 1 0.055
"55" 24 12 0.7 0.1 0.1 0 0.1 0.5 0 0 0 0 0.998 1 0.22 0.992 1 0.145 0.998 1 0.06
"56" 24 24 0.7 0.1 0.1 0 0.1 0.5 0 0 0 0 1 1 0.561 1 1 0.203 1 1 0.053
"57" 24 48 0.7 0.1 0.1 0 0.1 0.5 0 0 0 0 1 1 0.874 1 1 0.322 1 1 0.064
"58" 24 12 0.8 0.1 0.1 0 0.1 0.5 0 0 0 0 1 1 0.094 0.999 1 0.247 0.999 1 0.115
"59" 24 24 0.8 0.1 0.1 0 0.1 0.5 0 0 0 0 0.999 1 0.293 0.999 1 0.387 0.999 1 0.169
"60" 24 48 0.8 0.1 0.1 0 0.1 0.5 0 0 0 0 1 1 0.625 1 1 0.615 1 1 0.268
