"N_s" "N_t" "Pr_0" "Pr_1" "Pr_2" "Pr_3" "Pr_SD" "Br_0" "Br_1" "Br_2" "Br_3" "Br_SD" "B.dp" "W.dp" "BxW.dp" "B.Ap" "W.Ap" "BxW.Ap" "B.Pr" "W.Pr" "BxW.Pr"
"1" 24 24 0.4 0 0 0 0.1 0.5 0 0 0 0 0.054 0.055 0.051 0.049 0.059 0.053 0.056 0.051 0.049
"2" 24 24 0.5 0 0 0 0.1 0.5 0 0 0 0 0.051 0.05 0.04 0.054 0.05 0.04 0.054 0.046 0.042
"3" 24 24 0.6 0 0 0 0.1 0.5 0 0 0 0 0.037 0.058 0.046 0.047 0.054 0.043 0.046 0.054 0.045
"4" 24 24 0.7 0 0 0 0.1 0.5 0 0 0 0 0.049 0.05 0.033 0.047 0.049 0.036 0.048 0.052 0.038
"5" 24 24 0.8 0 0 0 0.1 0.5 0 0 0 0 0.042 0.042 0.051 0.049 0.045 0.057 0.051 0.045 0.055
"6" 24 24 0.4 0.025 0 0 0.1 0.5 0 0 0 0 0.235 0.05 0.048 0.239 0.047 0.049 0.248 0.051 0.053
"7" 24 24 0.5 0.025 0 0 0.1 0.5 0 0 0 0 0.26 0.047 0.038 0.243 0.045 0.041 0.27 0.045 0.036
"8" 24 24 0.6 0.025 0 0 0.1 0.5 0 0 0 0 0.251 0.046 0.056 0.254 0.042 0.052 0.253 0.047 0.049
"9" 24 24 0.7 0.025 0 0 0.1 0.5 0 0 0 0 0.28 0.049 0.056 0.253 0.049 0.049 0.267 0.053 0.05
"10" 24 24 0.8 0.025 0 0 0.1 0.5 0 0 0 0 0.315 0.049 0.045 0.297 0.05 0.052 0.304 0.051 0.055
"11" 24 24 0.4 0.05 0 0 0.1 0.5 0 0 0 0 0.684 0.049 0.053 0.682 0.045 0.045 0.689 0.045 0.051
"12" 24 24 0.5 0.05 0 0 0.1 0.5 0 0 0 0 0.734 0.06 0.048 0.714 0.054 0.048 0.738 0.054 0.047
"13" 24 24 0.6 0.05 0 0 0.1 0.5 0 0 0 0 0.767 0.051 0.049 0.756 0.057 0.05 0.777 0.059 0.051
"14" 24 24 0.7 0.05 0 0 0.1 0.5 0 0 0 0 0.799 0.054 0.057 0.801 0.057 0.05 0.811 0.053 0.05
"15" 24 24 0.8 0.05 0 0 0.1 0.5 0 0 0 0 0.784 0.046 0.047 0.779 0.049 0.055 0.784 0.043 0.052
"16" 24 24 0.4 0.1 0 0 0.1 0.5 0 0 0 0 0.999 0.047 0.05 0.998 0.045 0.048 0.999 0.043 0.049
"17" 24 24 0.5 0.1 0 0 0.1 0.5 0 0 0 0 0.998 0.049 0.048 0.997 0.059 0.048 0.999 0.047 0.05
"18" 24 24 0.6 0.1 0 0 0.1 0.5 0 0 0 0 0.999 0.048 0.043 0.999 0.049 0.052 1 0.05 0.047
"19" 24 24 0.7 0.1 0 0 0.1 0.5 0 0 0 0 1 0.042 0.052 1 0.056 0.043 1 0.047 0.049
"20" 24 24 0.8 0.1 0 0 0.1 0.5 0 0 0 0 1 0.045 0.056 1 0.057 0.053 1 0.056 0.051
"21" 24 24 0.4 0 0.025 0 0.1 0.5 0 0 0 0 0.054 0.452 0.044 0.054 0.431 0.054 0.055 0.456 0.052
"22" 24 24 0.5 0 0.025 0 0.1 0.5 0 0 0 0 0.046 0.476 0.069 0.048 0.459 0.064 0.049 0.485 0.073
"23" 24 24 0.6 0 0.025 0 0.1 0.5 0 0 0 0 0.052 0.499 0.048 0.05 0.483 0.05 0.049 0.506 0.046
"24" 24 24 0.7 0 0.025 0 0.1 0.5 0 0 0 0 0.056 0.661 0.051 0.052 0.61 0.047 0.053 0.644 0.044
"25" 24 24 0.8 0 0.025 0 0.1 0.5 0 0 0 0 0.056 0.82 0.069 0.049 0.742 0.066 0.052 0.787 0.075
"26" 24 24 0.4 0.025 0.025 0 0.1 0.5 0 0 0 0 0.266 0.446 0.047 0.25 0.419 0.044 0.259 0.439 0.046
"27" 24 24 0.5 0.025 0.025 0 0.1 0.5 0 0 0 0 0.253 0.453 0.056 0.258 0.446 0.056 0.263 0.476 0.057
"28" 24 24 0.6 0.025 0.025 0 0.1 0.5 0 0 0 0 0.265 0.524 0.045 0.257 0.51 0.044 0.259 0.542 0.046
"29" 24 24 0.7 0.025 0.025 0 0.1 0.5 0 0 0 0 0.252 0.666 0.042 0.241 0.606 0.043 0.252 0.656 0.041
"30" 24 24 0.8 0.025 0.025 0 0.1 0.5 0 0 0 0 0.292 0.848 0.056 0.282 0.753 0.059 0.293 0.796 0.055
"31" 24 24 0.4 0.05 0.025 0 0.1 0.5 0 0 0 0 0.676 0.458 0.058 0.651 0.439 0.054 0.667 0.463 0.059
"32" 24 24 0.5 0.05 0.025 0 0.1 0.5 0 0 0 0 0.71 0.456 0.047 0.707 0.432 0.045 0.721 0.46 0.049
"33" 24 24 0.6 0.05 0.025 0 0.1 0.5 0 0 0 0 0.758 0.545 0.059 0.728 0.503 0.05 0.755 0.535 0.051
"34" 24 24 0.7 0.05 0.025 0 0.1 0.5 0 0 0 0 0.764 0.675 0.059 0.76 0.611 0.052 0.769 0.657 0.048
"35" 24 24 0.8 0.05 0.025 0 0.1 0.5 0 0 0 0 0.833 0.812 0.054 0.821 0.736 0.052 0.837 0.767 0.05
"36" 24 24 0.4 0.1 0.025 0 0.1 0.5 0 0 0 0 0.998 0.456 0.05 0.997 0.426 0.062 0.998 0.461 0.046
"37" 24 24 0.5 0.1 0.025 0 0.1 0.5 0 0 0 0 0.997 0.479 0.074 0.997 0.429 0.059 0.997 0.469 0.062
"38" 24 24 0.6 0.1 0.025 0 0.1 0.5 0 0 0 0 1 0.584 0.08 0.999 0.51 0.064 1 0.557 0.06
"39" 24 24 0.7 0.1 0.025 0 0.1 0.5 0 0 0 0 1 0.704 0.091 1 0.559 0.067 1 0.634 0.053
"40" 24 24 0.8 0.1 0.025 0 0.1 0.5 0 0 0 0 1 0.815 0.074 1 0.673 0.074 1 0.72 0.06
"41" 24 24 0.4 0 0.05 0 0.1 0.5 0 0 0 0 0.046 0.947 0.049 0.048 0.939 0.043 0.049 0.954 0.044
"42" 24 24 0.5 0 0.05 0 0.1 0.5 0 0 0 0 0.056 0.972 0.055 0.051 0.961 0.059 0.053 0.975 0.056
"43" 24 24 0.6 0 0.05 0 0.1 0.5 0 0 0 0 0.047 0.985 0.047 0.052 0.982 0.047 0.051 0.99 0.044
"44" 24 24 0.7 0 0.05 0 0.1 0.5 0 0 0 0 0.051 0.996 0.049 0.053 0.991 0.056 0.055 0.996 0.054
"45" 24 24 0.8 0 0.05 0 0.1 0.5 0 0 0 0 0.046 1 0.058 0.054 1 0.044 0.05 1 0.044
"46" 24 24 0.4 0.025 0.05 0 0.1 0.5 0 0 0 0 0.253 0.954 0.053 0.245 0.944 0.054 0.254 0.964 0.052
"47" 24 24 0.5 0.025 0.05 0 0.1 0.5 0 0 0 0 0.263 0.972 0.06 0.267 0.967 0.042 0.265 0.983 0.047
"48" 24 24 0.6 0.025 0.05 0 0.1 0.5 0 0 0 0 0.284 0.984 0.057 0.275 0.977 0.043 0.289 0.986 0.047
"49" 24 24 0.7 0.025 0.05 0 0.1 0.5 0 0 0 0 0.26 0.998 0.05 0.248 0.998 0.047 0.26 1 0.048
"50" 24 24 0.8 0.025 0.05 0 0.1 0.5 0 0 0 0 0.314 1 0.056 0.306 0.999 0.059 0.313 1 0.054
"51" 24 24 0.4 0.05 0.05 0 0.1 0.5 0 0 0 0 0.669 0.939 0.053 0.661 0.93 0.052 0.676 0.942 0.049
"52" 24 24 0.5 0.05 0.05 0 0.1 0.5 0 0 0 0 0.693 0.973 0.051 0.673 0.962 0.046 0.693 0.972 0.043
"53" 24 24 0.6 0.05 0.05 0 0.1 0.5 0 0 0 0 0.74 0.989 0.058 0.743 0.982 0.045 0.754 0.992 0.044
"54" 24 24 0.7 0.05 0.05 0 0.1 0.5 0 0 0 0 0.805 0.998 0.088 0.79 0.993 0.047 0.812 0.998 0.045
"55" 24 24 0.8 0.05 0.05 0 0.1 0.5 0 0 0 0 0.828 1 0.094 0.802 1 0.054 0.822 1 0.049
"56" 24 24 0.4 0.1 0.05 0 0.1 0.5 0 0 0 0 1 0.959 0.073 1 0.924 0.073 1 0.95 0.048
"57" 24 24 0.5 0.1 0.05 0 0.1 0.5 0 0 0 0 1 0.972 0.075 0.999 0.938 0.067 1 0.969 0.045
"58" 24 24 0.6 0.1 0.05 0 0.1 0.5 0 0 0 0 1 0.986 0.135 1 0.976 0.087 1 0.987 0.05
"59" 24 24 0.7 0.1 0.05 0 0.1 0.5 0 0 0 0 0.999 0.998 0.217 1 0.991 0.098 1 0.997 0.052
"60" 24 24 0.8 0.1 0.05 0 0.1 0.5 0 0 0 0 1 1 0.145 1 0.997 0.16 1 0.998 0.085
"61" 24 24 0.4 0 0.1 0 0.1 0.5 0 0 0 0 0.049 1 0.052 0.047 1 0.04 0.053 1 0.054
"62" 24 24 0.5 0 0.1 0 0.1 0.5 0 0 0 0 0.044 1 0.045 0.049 1 0.042 0.054 1 0.045
"63" 24 24 0.6 0 0.1 0 0.1 0.5 0 0 0 0 0.042 1 0.042 0.045 1 0.036 0.042 1 0.038
"64" 24 24 0.7 0 0.1 0 0.1 0.5 0 0 0 0 0.065 1 0.053 0.056 1 0.045 0.061 1 0.049
"65" 24 24 0.8 0 0.1 0 0.1 0.5 0 0 0 0 0.065 1 0.06 0.057 1 0.061 0.059 1 0.054
"66" 24 24 0.4 0.025 0.1 0 0.1 0.5 0 0 0 0 0.237 1 0.04 0.217 1 0.046 0.23 1 0.039
"67" 24 24 0.5 0.025 0.1 0 0.1 0.5 0 0 0 0 0.233 1 0.067 0.222 1 0.061 0.231 1 0.054
"68" 24 24 0.6 0.025 0.1 0 0.1 0.5 0 0 0 0 0.247 1 0.08 0.223 1 0.065 0.238 1 0.063
"69" 24 24 0.7 0.025 0.1 0 0.1 0.5 0 0 0 0 0.281 1 0.091 0.269 1 0.059 0.271 1 0.048
"70" 24 24 0.8 0.025 0.1 0 0.1 0.5 0 0 0 0 0.335 1 0.073 0.303 1 0.078 0.322 1 0.063
"71" 24 24 0.4 0.05 0.1 0 0.1 0.5 0 0 0 0 0.687 1 0.069 0.672 1 0.08 0.693 1 0.045
"72" 24 24 0.5 0.05 0.1 0 0.1 0.5 0 0 0 0 0.742 1 0.08 0.718 1 0.073 0.752 1 0.045
"73" 24 24 0.6 0.05 0.1 0 0.1 0.5 0 0 0 0 0.745 1 0.119 0.721 1 0.08 0.752 1 0.056
"74" 24 24 0.7 0.05 0.1 0 0.1 0.5 0 0 0 0 0.793 1 0.226 0.774 1 0.074 0.783 1 0.046
"75" 24 24 0.8 0.05 0.1 0 0.1 0.5 0 0 0 0 0.86 1 0.155 0.808 1 0.154 0.831 1 0.092
"76" 24 24 0.4 0.1 0.1 0 0.1 0.5 0 0 0 0 0.999 1 0.098 0.997 1 0.16 1 1 0.047
"77" 24 24 0.5 0.1 0.1 0 0.1 0.5 0 0 0 0 0.999 1 0.208 0.997 1 0.163 0.998 1 0.068
"78" 24 24 0.6 0.1 0.1 0 0.1 0.5 0 0 0 0 0.999 1 0.377 0.998 1 0.168 0.999 1 0.058
"79" 24 24 0.7 0.1 0.1 0 0.1 0.5 0 0 0 0 1 1 0.579 1 1 0.182 1 1 0.041
"80" 24 24 0.8 0.1 0.1 0 0.1 0.5 0 0 0 0 1 1 0.308 0.999 1 0.422 1 1 0.181
