"N_s" "N_t" "d_0" "d_1" "d_2" "d_3" "d_SD" "k_0" "k_1" "k_2" "k_3" "k_SD" "S" "B.dp" "W.dp" "BxW.dp" "B.Ap" "W.Ap" "BxW.Ap" "B.Pr" "W.Pr" "BxW.Pr"
"1" 24 24 1.5 0 0 0 0.5 0 0 0 0 0 1 0.041 0.054 0.055 0.04 0.053 0.05 0.044 0.052 0.052
"2" 24 24 2 0 0 0 0.5 0 0 0 0 0 1 0.048 0.05 0.044 0.05 0.051 0.051 0.056 0.055 0.051
"3" 24 24 2.5 0 0 0 0.5 0 0 0 0 0 1 0.06 0.051 0.051 0.058 0.054 0.051 0.063 0.051 0.052
"4" 24 24 3 0 0 0 0.5 0 0 0 0 0 1 0.045 0.049 0.04 0.044 0.045 0.051 0.044 0.044 0.046
"5" 24 24 3.5 0 0 0 0.5 0 0 0 0 0 1 0.054 0.049 0.039 0.049 0.043 0.04 0.049 0.045 0.039
"6" 24 24 1.5 0.125 0 0 0.5 0 0 0 0 0 1 0.294 0.049 0.048 0.28 0.043 0.052 0.296 0.053 0.044
"7" 24 24 2 0.125 0 0 0.5 0 0 0 0 0 1 0.293 0.044 0.047 0.272 0.043 0.057 0.301 0.044 0.051
"8" 24 24 2.5 0.125 0 0 0.5 0 0 0 0 0 1 0.261 0.052 0.061 0.26 0.039 0.062 0.269 0.042 0.06
"9" 24 24 3 0.125 0 0 0.5 0 0 0 0 0 1 0.255 0.049 0.054 0.264 0.047 0.051 0.277 0.048 0.048
"10" 24 24 3.5 0.125 0 0 0.5 0 0 0 0 0 1 0.244 0.047 0.044 0.229 0.054 0.042 0.232 0.053 0.044
"11" 24 24 1.5 0.25 0 0 0.5 0 0 0 0 0 1 0.817 0.044 0.049 0.802 0.045 0.047 0.824 0.043 0.049
"12" 24 24 2 0.25 0 0 0.5 0 0 0 0 0 1 0.806 0.043 0.052 0.789 0.054 0.057 0.815 0.05 0.058
"13" 24 24 2.5 0.25 0 0 0.5 0 0 0 0 0 1 0.788 0.061 0.061 0.779 0.066 0.045 0.788 0.059 0.049
"14" 24 24 3 0.25 0 0 0.5 0 0 0 0 0 1 0.769 0.07 0.059 0.781 0.056 0.063 0.789 0.062 0.062
"15" 24 24 3.5 0.25 0 0 0.5 0 0 0 0 0 1 0.685 0.059 0.052 0.687 0.06 0.05 0.693 0.056 0.054
"16" 24 24 1.5 0.5 0 0 0.5 0 0 0 0 0 1 1 0.046 0.052 1 0.043 0.057 1 0.042 0.057
"17" 24 24 2 0.5 0 0 0.5 0 0 0 0 0 1 1 0.046 0.045 0.999 0.048 0.047 1 0.051 0.044
"18" 24 24 2.5 0.5 0 0 0.5 0 0 0 0 0 1 1 0.048 0.039 1 0.047 0.044 1 0.043 0.043
"19" 24 24 3 0.5 0 0 0.5 0 0 0 0 0 1 0.997 0.047 0.049 0.997 0.048 0.056 0.997 0.043 0.055
"20" 24 24 3.5 0.5 0 0 0.5 0 0 0 0 0 1 0.999 0.057 0.056 0.998 0.063 0.051 0.999 0.066 0.05
"21" 24 24 1.5 0 0.125 0 0.5 0 0 0 0 0 1 0.072 0.819 0.054 0.061 0.805 0.048 0.064 0.85 0.048
"22" 24 24 2 0 0.125 0 0.5 0 0 0 0 0 1 0.05 0.743 0.048 0.037 0.765 0.046 0.044 0.783 0.051
"23" 24 24 2.5 0 0.125 0 0.5 0 0 0 0 0 1 0.043 0.666 0.055 0.05 0.687 0.044 0.049 0.698 0.047
"24" 24 24 3 0 0.125 0 0.5 0 0 0 0 0 1 0.048 0.551 0.048 0.044 0.563 0.041 0.045 0.574 0.041
"25" 24 24 3.5 0 0.125 0 0.5 0 0 0 0 0 1 0.055 0.428 0.045 0.056 0.461 0.042 0.056 0.46 0.043
"26" 24 24 1.5 0.125 0.125 0 0.5 0 0 0 0 0 1 0.317 0.817 0.05 0.297 0.807 0.063 0.322 0.831 0.052
"27" 24 24 2 0.125 0.125 0 0.5 0 0 0 0 0 1 0.286 0.717 0.054 0.282 0.751 0.051 0.295 0.786 0.053
"28" 24 24 2.5 0.125 0.125 0 0.5 0 0 0 0 0 1 0.261 0.616 0.044 0.262 0.656 0.059 0.266 0.67 0.054
"29" 24 24 3 0.125 0.125 0 0.5 0 0 0 0 0 1 0.266 0.54 0.052 0.257 0.561 0.061 0.266 0.578 0.059
"30" 24 24 3.5 0.125 0.125 0 0.5 0 0 0 0 0 1 0.238 0.402 0.046 0.22 0.413 0.053 0.23 0.419 0.049
"31" 24 24 1.5 0.25 0.125 0 0.5 0 0 0 0 0 1 0.812 0.827 0.059 0.805 0.828 0.075 0.815 0.859 0.052
"32" 24 24 2 0.25 0.125 0 0.5 0 0 0 0 0 1 0.811 0.765 0.052 0.801 0.771 0.096 0.822 0.805 0.078
"33" 24 24 2.5 0.25 0.125 0 0.5 0 0 0 0 0 1 0.769 0.651 0.044 0.759 0.683 0.068 0.783 0.697 0.061
"34" 24 24 3 0.25 0.125 0 0.5 0 0 0 0 0 1 0.768 0.539 0.051 0.769 0.569 0.07 0.773 0.596 0.067
"35" 24 24 3.5 0.25 0.125 0 0.5 0 0 0 0 0 1 0.665 0.441 0.066 0.655 0.464 0.075 0.669 0.468 0.074
"36" 24 24 1.5 0.5 0.125 0 0.5 0 0 0 0 0 1 1 0.817 0.051 1 0.81 0.162 1 0.854 0.079
"37" 24 24 2 0.5 0.125 0 0.5 0 0 0 0 0 1 1 0.717 0.049 1 0.719 0.15 1 0.774 0.103
"38" 24 24 2.5 0.5 0.125 0 0.5 0 0 0 0 0 1 1 0.629 0.047 1 0.653 0.153 1 0.685 0.109
"39" 24 24 3 0.5 0.125 0 0.5 0 0 0 0 0 1 0.998 0.507 0.057 0.998 0.552 0.128 0.999 0.584 0.107
"40" 24 24 3.5 0.5 0.125 0 0.5 0 0 0 0 0 1 1 0.449 0.079 1 0.471 0.13 1 0.495 0.123
"41" 24 24 1.5 0 0.25 0 0.5 0 0 0 0 0 1 0.069 1 0.053 0.056 1 0.041 0.068 1 0.04
"42" 24 24 2 0 0.25 0 0.5 0 0 0 0 0 1 0.057 1 0.052 0.06 1 0.065 0.059 1 0.054
"43" 24 24 2.5 0 0.25 0 0.5 0 0 0 0 0 1 0.06 0.996 0.046 0.056 0.994 0.053 0.062 1 0.052
"44" 24 24 3 0 0.25 0 0.5 0 0 0 0 0 1 0.056 0.981 0.068 0.06 0.988 0.062 0.057 0.992 0.059
"45" 24 24 3.5 0 0.25 0 0.5 0 0 0 0 0 1 0.04 0.937 0.045 0.05 0.95 0.037 0.047 0.952 0.039
"46" 24 24 1.5 0.125 0.25 0 0.5 0 0 0 0 0 1 0.307 1 0.05 0.298 1 0.078 0.312 1 0.06
"47" 24 24 2 0.125 0.25 0 0.5 0 0 0 0 0 1 0.307 1 0.043 0.285 1 0.062 0.299 1 0.048
"48" 24 24 2.5 0.125 0.25 0 0.5 0 0 0 0 0 1 0.286 0.994 0.046 0.278 0.999 0.087 0.29 0.997 0.074
"49" 24 24 3 0.125 0.25 0 0.5 0 0 0 0 0 1 0.256 0.991 0.053 0.243 0.992 0.086 0.254 0.994 0.077
"50" 24 24 3.5 0.125 0.25 0 0.5 0 0 0 0 0 1 0.26 0.947 0.056 0.251 0.953 0.062 0.262 0.955 0.056
"51" 24 24 1.5 0.25 0.25 0 0.5 0 0 0 0 0 1 0.84 1 0.048 0.807 1 0.145 0.839 1 0.08
"52" 24 24 2 0.25 0.25 0 0.5 0 0 0 0 0 1 0.811 1 0.048 0.797 0.999 0.153 0.82 1 0.083
"53" 24 24 2.5 0.25 0.25 0 0.5 0 0 0 0 0 1 0.761 0.999 0.077 0.744 0.998 0.156 0.766 1 0.124
"54" 24 24 3 0.25 0.25 0 0.5 0 0 0 0 0 1 0.717 0.978 0.061 0.705 0.989 0.145 0.716 0.989 0.122
"55" 24 24 3.5 0.25 0.25 0 0.5 0 0 0 0 0 1 0.687 0.936 0.062 0.681 0.95 0.121 0.688 0.953 0.107
"56" 24 24 1.5 0.5 0.25 0 0.5 0 0 0 0 0 1 1 1 0.041 1 1 0.461 1 1 0.195
"57" 24 24 2 0.5 0.25 0 0.5 0 0 0 0 0 1 1 0.998 0.053 0.999 1 0.444 0.999 1 0.237
"58" 24 24 2.5 0.5 0.25 0 0.5 0 0 0 0 0 1 1 0.996 0.064 0.999 0.997 0.399 1 0.998 0.28
"59" 24 24 3 0.5 0.25 0 0.5 0 0 0 0 0 1 0.999 0.984 0.08 0.997 0.987 0.345 0.999 0.993 0.266
"60" 24 24 3.5 0.5 0.25 0 0.5 0 0 0 0 0 1 0.994 0.933 0.128 0.994 0.958 0.321 0.994 0.962 0.278
"61" 24 24 1.5 0 0.5 0 0.5 0 0 0 0 0 1 0.047 1 0.061 0.042 1 0.045 0.043 1 0.057
"62" 24 24 2 0 0.5 0 0.5 0 0 0 0 0 1 0.057 1 0.051 0.05 1 0.051 0.053 1 0.052
"63" 24 24 2.5 0 0.5 0 0.5 0 0 0 0 0 1 0.049 1 0.06 0.052 1 0.057 0.054 1 0.063
"64" 24 24 3 0 0.5 0 0.5 0 0 0 0 0 1 0.049 1 0.054 0.063 1 0.058 0.061 1 0.058
"65" 24 24 3.5 0 0.5 0 0.5 0 0 0 0 0 1 0.051 1 0.062 0.044 1 0.049 0.047 1 0.05
"66" 24 24 1.5 0.125 0.5 0 0.5 0 0 0 0 0 1 0.305 1 0.044 0.283 1 0.125 0.298 1 0.077
"67" 24 24 2 0.125 0.5 0 0.5 0 0 0 0 0 1 0.306 1 0.058 0.289 1 0.146 0.3 1 0.111
"68" 24 24 2.5 0.125 0.5 0 0.5 0 0 0 0 0 1 0.3 1 0.044 0.291 1 0.125 0.302 1 0.106
"69" 24 24 3 0.125 0.5 0 0.5 0 0 0 0 0 1 0.258 1 0.058 0.258 1 0.125 0.268 1 0.115
"70" 24 24 3.5 0.125 0.5 0 0.5 0 0 0 0 0 1 0.233 1 0.08 0.223 1 0.11 0.231 1 0.103
"71" 24 24 1.5 0.25 0.5 0 0.5 0 0 0 0 0 1 0.804 1 0.049 0.793 1 0.386 0.803 1 0.158
"72" 24 24 2 0.25 0.5 0 0.5 0 0 0 0 0 1 0.814 1 0.067 0.793 1 0.384 0.815 1 0.224
"73" 24 24 2.5 0.25 0.5 0 0.5 0 0 0 0 0 1 0.784 1 0.068 0.768 1 0.348 0.789 1 0.251
"74" 24 24 3 0.25 0.5 0 0.5 0 0 0 0 0 1 0.761 1 0.067 0.745 1 0.319 0.76 1 0.271
"75" 24 24 3.5 0.25 0.5 0 0.5 0 0 0 0 0 1 0.685 1 0.119 0.669 1 0.308 0.684 1 0.275
"76" 24 24 1.5 0.5 0.5 0 0.5 0 0 0 0 0 1 0.999 1 0.06 0.998 1 0.915 0.999 1 0.481
"77" 24 24 2 0.5 0.5 0 0.5 0 0 0 0 0 1 1 1 0.055 1 1 0.907 1 1 0.653
"78" 24 24 2.5 0.5 0.5 0 0.5 0 0 0 0 0 1 1 1 0.087 1 1 0.887 1 1 0.734
"79" 24 24 3 0.5 0.5 0 0.5 0 0 0 0 0 1 0.999 1 0.17 1 1 0.844 1 1 0.741
"80" 24 24 3.5 0.5 0.5 0 0.5 0 0 0 0 0 1 0.999 1 0.362 0.999 1 0.788 0.999 1 0.739
