"N_s" "N_t" "d_0" "d_1" "d_2" "d_3" "d_SD" "k_0" "k_1" "k_2" "k_3" "k_SD" "S" "B.dp" "W.dp" "BxW.dp" "B.Ap" "W.Ap" "BxW.Ap" "B.Pr" "W.Pr" "BxW.Pr"
"1" 24 24 1.5 0 0 0 0.5 -1 0 0 0 0.5 1 0.033 0.045 0.047 0.035 0.041 0.037 0.039 0.039 0.037
"2" 24 24 2 0 0 0 0.5 -1 0 0 0 0.5 1 0.056 0.044 0.05 0.059 0.046 0.046 0.056 0.048 0.054
"3" 24 24 2.5 0 0 0 0.5 -1 0 0 0 0.5 1 0.051 0.043 0.048 0.039 0.047 0.046 0.043 0.053 0.041
"4" 24 24 3 0 0 0 0.5 -1 0 0 0 0.5 1 0.055 0.047 0.049 0.055 0.044 0.048 0.055 0.041 0.04
"5" 24 24 3.5 0 0 0 0.5 -1 0 0 0 0.5 1 0.053 0.044 0.05 0.046 0.049 0.045 0.045 0.051 0.047
"6" 24 24 1.5 0.125 0.125 0 0.5 -1 0 0 0 0.5 1 0.256 0.659 0.042 0.229 0.579 0.047 0.187 0.718 0.056
"7" 24 24 2 0.125 0.125 0 0.5 -1 0 0 0 0.5 1 0.228 0.588 0.037 0.2 0.599 0.046 0.169 0.67 0.045
"8" 24 24 2.5 0.125 0.125 0 0.5 -1 0 0 0 0.5 1 0.201 0.563 0.054 0.18 0.612 0.069 0.137 0.659 0.061
"9" 24 24 3 0.125 0.125 0 0.5 -1 0 0 0 0.5 1 0.166 0.553 0.051 0.14 0.632 0.053 0.133 0.622 0.056
"10" 24 24 3.5 0.125 0.125 0 0.5 -1 0 0 0 0.5 1 0.145 0.49 0.044 0.123 0.574 0.054 0.119 0.574 0.052
"11" 24 24 1.5 0.25 0.25 0 0.5 -1 0 0 0 0.5 1 0.762 0.996 0.057 0.687 0.981 0.131 0.572 1 0.049
"12" 24 24 2 0.25 0.25 0 0.5 -1 0 0 0 0.5 1 0.687 0.995 0.053 0.597 0.987 0.087 0.485 0.999 0.041
"13" 24 24 2.5 0.25 0.25 0 0.5 -1 0 0 0 0.5 1 0.636 0.994 0.058 0.525 0.993 0.08 0.438 0.999 0.056
"14" 24 24 3 0.25 0.25 0 0.5 -1 0 0 0 0.5 1 0.512 0.984 0.048 0.417 0.987 0.071 0.375 0.995 0.066
"15" 24 24 3.5 0.25 0.25 0 0.5 -1 0 0 0 0.5 1 0.457 0.97 0.057 0.377 0.989 0.087 0.356 0.991 0.072
"16" 24 24 1.5 0.5 0.5 0 0.5 -1 0 0 0 0.5 1 1 1 0.104 0.999 1 0.729 0.984 1 0.07
"17" 24 24 2 0.5 0.5 0 0.5 -1 0 0 0 0.5 1 0.997 1 0.127 0.995 1 0.618 0.97 1 0.092
"18" 24 24 2.5 0.5 0.5 0 0.5 -1 0 0 0 0.5 1 0.998 1 0.139 0.977 1 0.439 0.937 1 0.159
"19" 24 24 3 0.5 0.5 0 0.5 -1 0 0 0 0.5 1 0.977 1 0.105 0.942 1 0.366 0.905 1 0.196
"20" 24 24 3.5 0.5 0.5 0 0.5 -1 0 0 0 0.5 1 0.952 1 0.119 0.898 1 0.362 0.862 1 0.273
"21" 24 24 1.5 0 0 0 0.5 -0.5 0 0 0 0.5 1 0.05 0.054 0.055 0.047 0.056 0.046 0.052 0.046 0.041
"22" 24 24 2 0 0 0 0.5 -0.5 0 0 0 0.5 1 0.056 0.046 0.054 0.05 0.05 0.05 0.055 0.05 0.048
"23" 24 24 2.5 0 0 0 0.5 -0.5 0 0 0 0.5 1 0.047 0.048 0.058 0.045 0.053 0.064 0.046 0.05 0.064
"24" 24 24 3 0 0 0 0.5 -0.5 0 0 0 0.5 1 0.057 0.045 0.047 0.058 0.043 0.044 0.057 0.04 0.041
"25" 24 24 3.5 0 0 0 0.5 -0.5 0 0 0 0.5 1 0.053 0.045 0.05 0.042 0.055 0.053 0.043 0.056 0.055
"26" 24 24 1.5 0.125 0.125 0 0.5 -0.5 0 0 0 0.5 1 0.281 0.719 0.049 0.262 0.717 0.053 0.22 0.782 0.056
"27" 24 24 2 0.125 0.125 0 0.5 -0.5 0 0 0 0.5 1 0.272 0.657 0.056 0.225 0.687 0.05 0.206 0.729 0.055
"28" 24 24 2.5 0.125 0.125 0 0.5 -0.5 0 0 0 0.5 1 0.245 0.599 0.051 0.206 0.661 0.059 0.177 0.677 0.057
"29" 24 24 3 0.125 0.125 0 0.5 -0.5 0 0 0 0.5 1 0.217 0.546 0.048 0.183 0.591 0.054 0.163 0.591 0.053
"30" 24 24 3.5 0.125 0.125 0 0.5 -0.5 0 0 0 0.5 1 0.192 0.474 0.041 0.169 0.513 0.049 0.164 0.524 0.054
"31" 24 24 1.5 0.25 0.25 0 0.5 -0.5 0 0 0 0.5 1 0.8 1 0.045 0.783 0.998 0.151 0.73 1 0.052
"32" 24 24 2 0.25 0.25 0 0.5 -0.5 0 0 0 0.5 1 0.781 0.998 0.053 0.724 0.994 0.141 0.645 0.999 0.077
"33" 24 24 2.5 0.25 0.25 0 0.5 -0.5 0 0 0 0.5 1 0.7 0.997 0.06 0.612 1 0.114 0.546 0.999 0.08
"34" 24 24 3 0.25 0.25 0 0.5 -0.5 0 0 0 0.5 1 0.663 0.975 0.076 0.553 0.991 0.123 0.478 0.994 0.108
"35" 24 24 3.5 0.25 0.25 0 0.5 -0.5 0 0 0 0.5 1 0.558 0.957 0.053 0.449 0.971 0.092 0.411 0.976 0.077
"36" 24 24 1.5 0.5 0.5 0 0.5 -0.5 0 0 0 0.5 1 1 1 0.066 1 1 0.842 1 1 0.238
"37" 24 24 2 0.5 0.5 0 0.5 -0.5 0 0 0 0.5 1 1 1 0.077 0.999 1 0.816 0.994 1 0.346
"38" 24 24 2.5 0.5 0.5 0 0.5 -0.5 0 0 0 0.5 1 1 1 0.119 0.998 1 0.756 0.99 1 0.447
"39" 24 24 3 0.5 0.5 0 0.5 -0.5 0 0 0 0.5 1 0.998 1 0.16 0.983 1 0.667 0.972 1 0.494
"40" 24 24 3.5 0.5 0.5 0 0.5 -0.5 0 0 0 0.5 1 0.992 1 0.181 0.963 1 0.619 0.943 1 0.519
"41" 24 24 1.5 0 0 0 0.5 0 0 0 0 0.5 1 0.042 0.039 0.053 0.042 0.035 0.052 0.052 0.045 0.059
"42" 24 24 2 0 0 0 0.5 0 0 0 0 0.5 1 0.041 0.043 0.049 0.043 0.055 0.046 0.046 0.049 0.049
"43" 24 24 2.5 0 0 0 0.5 0 0 0 0 0.5 1 0.062 0.046 0.061 0.063 0.045 0.059 0.065 0.041 0.062
"44" 24 24 3 0 0 0 0.5 0 0 0 0 0.5 1 0.04 0.05 0.042 0.043 0.041 0.045 0.039 0.043 0.044
"45" 24 24 3.5 0 0 0 0.5 0 0 0 0 0.5 1 0.044 0.048 0.05 0.044 0.04 0.045 0.047 0.046 0.045
"46" 24 24 1.5 0.125 0.125 0 0.5 0 0 0 0 0.5 1 0.312 0.768 0.049 0.287 0.768 0.052 0.288 0.809 0.044
"47" 24 24 2 0.125 0.125 0 0.5 0 0 0 0 0.5 1 0.29 0.692 0.043 0.284 0.737 0.048 0.275 0.764 0.038
"48" 24 24 2.5 0.125 0.125 0 0.5 0 0 0 0 0.5 1 0.255 0.623 0.041 0.256 0.691 0.052 0.228 0.717 0.054
"49" 24 24 3 0.125 0.125 0 0.5 0 0 0 0 0.5 1 0.246 0.532 0.042 0.213 0.578 0.043 0.195 0.585 0.047
"50" 24 24 3.5 0.125 0.125 0 0.5 0 0 0 0 0.5 1 0.213 0.443 0.056 0.189 0.498 0.056 0.183 0.504 0.057
"51" 24 24 1.5 0.25 0.25 0 0.5 0 0 0 0 0.5 1 0.805 1 0.05 0.789 1 0.147 0.785 1 0.06
"52" 24 24 2 0.25 0.25 0 0.5 0 0 0 0 0.5 1 0.806 0.999 0.052 0.761 0.999 0.146 0.74 1 0.083
"53" 24 24 2.5 0.25 0.25 0 0.5 0 0 0 0 0.5 1 0.77 0.993 0.062 0.722 0.995 0.128 0.691 0.997 0.089
"54" 24 24 3 0.25 0.25 0 0.5 0 0 0 0 0.5 1 0.718 0.982 0.058 0.634 0.993 0.12 0.607 0.995 0.091
"55" 24 24 3.5 0.25 0.25 0 0.5 0 0 0 0 0.5 1 0.621 0.949 0.067 0.551 0.963 0.105 0.536 0.966 0.1
"56" 24 24 1.5 0.5 0.5 0 0.5 0 0 0 0 0.5 1 0.999 1 0.061 0.999 1 0.89 0.999 1 0.345
"57" 24 24 2 0.5 0.5 0 0.5 0 0 0 0 0.5 1 1 1 0.059 1 1 0.866 0.999 1 0.472
"58" 24 24 2.5 0.5 0.5 0 0.5 0 0 0 0 0.5 1 0.999 1 0.101 0.999 1 0.82 0.998 1 0.582
"59" 24 24 3 0.5 0.5 0 0.5 0 0 0 0 0.5 1 1 1 0.173 0.999 1 0.758 0.993 1 0.63
"60" 24 24 3.5 0.5 0.5 0 0.5 0 0 0 0 0.5 1 0.998 1 0.252 0.988 1 0.71 0.987 1 0.62
"61" 24 24 1.5 0 0 0 0.5 0.5 0 0 0 0.5 1 0.042 0.057 0.048 0.046 0.046 0.047 0.046 0.051 0.054
"62" 24 24 2 0 0 0 0.5 0.5 0 0 0 0.5 1 0.062 0.051 0.041 0.055 0.042 0.042 0.064 0.055 0.038
"63" 24 24 2.5 0 0 0 0.5 0.5 0 0 0 0.5 1 0.049 0.042 0.04 0.048 0.046 0.045 0.045 0.045 0.048
"64" 24 24 3 0 0 0 0.5 0.5 0 0 0 0.5 1 0.049 0.056 0.055 0.053 0.052 0.054 0.05 0.052 0.055
"65" 24 24 3.5 0 0 0 0.5 0.5 0 0 0 0.5 1 0.052 0.05 0.068 0.048 0.047 0.064 0.051 0.043 0.059
"66" 24 24 1.5 0.125 0.125 0 0.5 0.5 0 0 0 0.5 1 0.298 0.731 0.044 0.286 0.731 0.055 0.26 0.803 0.051
"67" 24 24 2 0.125 0.125 0 0.5 0.5 0 0 0 0.5 1 0.284 0.677 0.052 0.261 0.69 0.046 0.216 0.742 0.044
"68" 24 24 2.5 0.125 0.125 0 0.5 0.5 0 0 0 0.5 1 0.242 0.61 0.051 0.204 0.652 0.057 0.18 0.67 0.054
"69" 24 24 3 0.125 0.125 0 0.5 0.5 0 0 0 0.5 1 0.207 0.54 0.051 0.167 0.601 0.053 0.142 0.596 0.058
"70" 24 24 3.5 0.125 0.125 0 0.5 0.5 0 0 0 0.5 1 0.194 0.44 0.057 0.148 0.493 0.059 0.141 0.5 0.054
"71" 24 24 1.5 0.25 0.25 0 0.5 0.5 0 0 0 0.5 1 0.801 0.999 0.054 0.759 0.998 0.138 0.687 1 0.064
"72" 24 24 2 0.25 0.25 0 0.5 0.5 0 0 0 0.5 1 0.777 0.999 0.047 0.724 0.998 0.117 0.644 1 0.064
"73" 24 24 2.5 0.25 0.25 0 0.5 0.5 0 0 0 0.5 1 0.698 0.993 0.06 0.611 0.993 0.111 0.529 0.996 0.078
"74" 24 24 3 0.25 0.25 0 0.5 0.5 0 0 0 0.5 1 0.656 0.982 0.067 0.557 0.992 0.121 0.502 0.991 0.099
"75" 24 24 3.5 0.25 0.25 0 0.5 0.5 0 0 0 0.5 1 0.573 0.957 0.065 0.465 0.975 0.106 0.433 0.975 0.099
"76" 24 24 1.5 0.5 0.5 0 0.5 0.5 0 0 0 0.5 1 1 1 0.064 1 1 0.86 0.998 1 0.239
"77" 24 24 2 0.5 0.5 0 0.5 0.5 0 0 0 0.5 1 0.999 1 0.089 0.998 1 0.803 0.996 1 0.34
"78" 24 24 2.5 0.5 0.5 0 0.5 0.5 0 0 0 0.5 1 0.999 1 0.095 0.995 1 0.737 0.988 1 0.443
"79" 24 24 3 0.5 0.5 0 0.5 0.5 0 0 0 0.5 1 1 1 0.151 0.988 1 0.661 0.971 1 0.488
"80" 24 24 3.5 0.5 0.5 0 0.5 0.5 0 0 0 0.5 1 0.99 1 0.192 0.956 1 0.606 0.939 1 0.508
"81" 24 24 1.5 0 0 0 0.5 1 0 0 0 0.5 1 0.036 0.059 0.048 0.038 0.051 0.04 0.039 0.049 0.047
"82" 24 24 2 0 0 0 0.5 1 0 0 0 0.5 1 0.053 0.052 0.053 0.047 0.038 0.048 0.055 0.046 0.05
"83" 24 24 2.5 0 0 0 0.5 1 0 0 0 0.5 1 0.058 0.05 0.043 0.052 0.037 0.053 0.059 0.046 0.057
"84" 24 24 3 0 0 0 0.5 1 0 0 0 0.5 1 0.042 0.053 0.048 0.041 0.046 0.042 0.044 0.046 0.041
"85" 24 24 3.5 0 0 0 0.5 1 0 0 0 0.5 1 0.058 0.056 0.052 0.04 0.055 0.056 0.042 0.052 0.052
"86" 24 24 1.5 0.125 0.125 0 0.5 1 0 0 0 0.5 1 0.275 0.646 0.036 0.235 0.592 0.049 0.183 0.736 0.05
"87" 24 24 2 0.125 0.125 0 0.5 1 0 0 0 0.5 1 0.232 0.609 0.054 0.2 0.591 0.051 0.159 0.678 0.051
"88" 24 24 2.5 0.125 0.125 0 0.5 1 0 0 0 0.5 1 0.197 0.572 0.045 0.172 0.605 0.044 0.146 0.66 0.05
"89" 24 24 3 0.125 0.125 0 0.5 1 0 0 0 0.5 1 0.183 0.547 0.045 0.147 0.606 0.043 0.137 0.609 0.042
"90" 24 24 3.5 0.125 0.125 0 0.5 1 0 0 0 0.5 1 0.164 0.5 0.041 0.14 0.574 0.056 0.137 0.581 0.055
"91" 24 24 1.5 0.25 0.25 0 0.5 1 0 0 0 0.5 1 0.748 0.995 0.051 0.685 0.984 0.117 0.573 1 0.046
"92" 24 24 2 0.25 0.25 0 0.5 1 0 0 0 0.5 1 0.672 0.995 0.049 0.592 0.982 0.087 0.478 0.999 0.058
"93" 24 24 2.5 0.25 0.25 0 0.5 1 0 0 0 0.5 1 0.603 0.99 0.035 0.496 0.99 0.07 0.41 1 0.046
"94" 24 24 3 0.25 0.25 0 0.5 1 0 0 0 0.5 1 0.535 0.986 0.067 0.418 0.99 0.071 0.376 0.996 0.069
"95" 24 24 3.5 0.25 0.25 0 0.5 1 0 0 0 0.5 1 0.431 0.977 0.056 0.342 0.99 0.063 0.325 0.992 0.062
"96" 24 24 1.5 0.5 0.5 0 0.5 1 0 0 0 0.5 1 1 1 0.102 0.999 1 0.724 0.997 1 0.076
"97" 24 24 2 0.5 0.5 0 0.5 1 0 0 0 0.5 1 0.998 1 0.127 0.991 1 0.614 0.968 1 0.094
"98" 24 24 2.5 0.5 0.5 0 0.5 1 0 0 0 0.5 1 0.996 1 0.117 0.978 1 0.436 0.947 1 0.154
"99" 24 24 3 0.5 0.5 0 0.5 1 0 0 0 0.5 1 0.985 1 0.12 0.949 1 0.379 0.91 1 0.227
"100" 24 24 3.5 0.5 0.5 0 0.5 1 0 0 0 0.5 1 0.957 1 0.091 0.908 1 0.353 0.886 1 0.279
