"N_s" "N_t" "Pr_0" "Pr_1" "Pr_2" "Pr_3" "Pr_SD" "Br_0" "Br_1" "Br_2" "Br_3" "Br_SD" "B.dp" "W.dp" "BxW.dp" "B.Ap" "W.Ap" "BxW.Ap" "B.Pr" "W.Pr" "BxW.Pr"
"1" 24 24 0.4 0 0 0 0.1 0.3 0 0 0 0.1 0.033 0.055 0.051 0.036 0.053 0.055 0.037 0.045 0.055
"2" 24 24 0.5 0 0 0 0.1 0.3 0 0 0 0.1 0.035 0.045 0.052 0.033 0.053 0.042 0.034 0.053 0.053
"3" 24 24 0.6 0 0 0 0.1 0.3 0 0 0 0.1 0.057 0.057 0.053 0.051 0.057 0.055 0.051 0.064 0.05
"4" 24 24 0.7 0 0 0 0.1 0.3 0 0 0 0.1 0.048 0.058 0.063 0.053 0.053 0.064 0.052 0.055 0.065
"5" 24 24 0.8 0 0 0 0.1 0.3 0 0 0 0.1 0.05 0.049 0.044 0.05 0.05 0.047 0.049 0.047 0.048
"6" 24 24 0.4 0.025 0.025 0 0.1 0.3 0 0 0 0.1 0.188 0.421 0.057 0.188 0.439 0.052 0.224 0.488 0.05
"7" 24 24 0.5 0.025 0.025 0 0.1 0.3 0 0 0 0.1 0.211 0.454 0.044 0.213 0.465 0.047 0.235 0.527 0.047
"8" 24 24 0.6 0.025 0.025 0 0.1 0.3 0 0 0 0.1 0.225 0.473 0.048 0.238 0.487 0.044 0.262 0.539 0.045
"9" 24 24 0.7 0.025 0.025 0 0.1 0.3 0 0 0 0.1 0.271 0.629 0.05 0.292 0.64 0.047 0.305 0.688 0.047
"10" 24 24 0.8 0.025 0.025 0 0.1 0.3 0 0 0 0.1 0.296 0.808 0.066 0.281 0.766 0.061 0.293 0.806 0.063
"11" 24 24 0.4 0.05 0.05 0 0.1 0.3 0 0 0 0.1 0.643 0.925 0.051 0.667 0.931 0.057 0.714 0.963 0.049
"12" 24 24 0.5 0.05 0.05 0 0.1 0.3 0 0 0 0.1 0.685 0.943 0.053 0.714 0.953 0.054 0.752 0.978 0.06
"13" 24 24 0.6 0.05 0.05 0 0.1 0.3 0 0 0 0.1 0.731 0.983 0.074 0.736 0.981 0.061 0.783 0.992 0.056
"14" 24 24 0.7 0.05 0.05 0 0.1 0.3 0 0 0 0.1 0.746 1 0.066 0.751 0.994 0.05 0.785 0.997 0.042
"15" 24 24 0.8 0.05 0.05 0 0.1 0.3 0 0 0 0.1 0.814 1 0.07 0.809 1 0.067 0.83 1 0.062
"16" 24 24 0.4 0.1 0.1 0 0.1 0.3 0 0 0 0.1 0.997 1 0.094 0.997 1 0.178 0.997 1 0.06
"17" 24 24 0.5 0.1 0.1 0 0.1 0.3 0 0 0 0.1 0.999 1 0.134 0.997 1 0.173 1 1 0.067
"18" 24 24 0.6 0.1 0.1 0 0.1 0.3 0 0 0 0.1 1 1 0.277 0.999 1 0.163 1 1 0.054
"19" 24 24 0.7 0.1 0.1 0 0.1 0.3 0 0 0 0.1 1 1 0.459 0.999 1 0.171 0.999 1 0.052
"20" 24 24 0.8 0.1 0.1 0 0.1 0.3 0 0 0 0.1 1 1 0.292 1 1 0.375 1 1 0.19
"21" 24 24 0.4 0 0 0 0.1 0.4 0 0 0 0.1 0.058 0.06 0.056 0.056 0.05 0.051 0.062 0.047 0.053
"22" 24 24 0.5 0 0 0 0.1 0.4 0 0 0 0.1 0.046 0.043 0.038 0.044 0.046 0.049 0.045 0.045 0.043
"23" 24 24 0.6 0 0 0 0.1 0.4 0 0 0 0.1 0.061 0.047 0.039 0.048 0.054 0.038 0.05 0.053 0.039
"24" 24 24 0.7 0 0 0 0.1 0.4 0 0 0 0.1 0.053 0.055 0.049 0.05 0.053 0.047 0.05 0.046 0.049
"25" 24 24 0.8 0 0 0 0.1 0.4 0 0 0 0.1 0.045 0.051 0.045 0.045 0.043 0.04 0.041 0.044 0.038
"26" 24 24 0.4 0.025 0.025 0 0.1 0.4 0 0 0 0.1 0.231 0.441 0.047 0.23 0.421 0.038 0.239 0.464 0.041
"27" 24 24 0.5 0.025 0.025 0 0.1 0.4 0 0 0 0.1 0.252 0.512 0.05 0.236 0.495 0.046 0.251 0.543 0.052
"28" 24 24 0.6 0.025 0.025 0 0.1 0.4 0 0 0 0.1 0.26 0.514 0.049 0.261 0.515 0.038 0.269 0.556 0.051
"29" 24 24 0.7 0.025 0.025 0 0.1 0.4 0 0 0 0.1 0.259 0.646 0.05 0.264 0.616 0.044 0.269 0.662 0.045
"30" 24 24 0.8 0.025 0.025 0 0.1 0.4 0 0 0 0.1 0.298 0.83 0.054 0.303 0.748 0.051 0.308 0.798 0.055
"31" 24 24 0.4 0.05 0.05 0 0.1 0.4 0 0 0 0.1 0.706 0.955 0.051 0.706 0.942 0.059 0.725 0.965 0.056
"32" 24 24 0.5 0.05 0.05 0 0.1 0.4 0 0 0 0.1 0.692 0.959 0.064 0.679 0.96 0.057 0.711 0.978 0.042
"33" 24 24 0.6 0.05 0.05 0 0.1 0.4 0 0 0 0.1 0.75 0.985 0.052 0.747 0.976 0.048 0.768 0.987 0.042
"34" 24 24 0.7 0.05 0.05 0 0.1 0.4 0 0 0 0.1 0.781 0.999 0.086 0.77 0.993 0.051 0.783 0.997 0.043
"35" 24 24 0.8 0.05 0.05 0 0.1 0.4 0 0 0 0.1 0.787 1 0.086 0.764 0.999 0.068 0.789 0.999 0.054
"36" 24 24 0.4 0.1 0.1 0 0.1 0.4 0 0 0 0.1 0.999 1 0.116 0.999 1 0.155 0.999 1 0.06
"37" 24 24 0.5 0.1 0.1 0 0.1 0.4 0 0 0 0.1 1 1 0.189 1 1 0.166 1 1 0.06
"38" 24 24 0.6 0.1 0.1 0 0.1 0.4 0 0 0 0.1 1 1 0.338 0.999 1 0.146 1 1 0.048
"39" 24 24 0.7 0.1 0.1 0 0.1 0.4 0 0 0 0.1 1 1 0.515 0.998 1 0.194 0.999 1 0.05
"40" 24 24 0.8 0.1 0.1 0 0.1 0.4 0 0 0 0.1 1 1 0.294 1 1 0.395 1 1 0.206
"41" 24 24 0.4 0 0 0 0.1 0.5 0 0 0 0.1 0.07 0.058 0.046 0.066 0.052 0.052 0.068 0.058 0.049
"42" 24 24 0.5 0 0 0 0.1 0.5 0 0 0 0.1 0.047 0.056 0.042 0.044 0.045 0.041 0.047 0.049 0.046
"43" 24 24 0.6 0 0 0 0.1 0.5 0 0 0 0.1 0.053 0.051 0.056 0.056 0.062 0.049 0.055 0.063 0.054
"44" 24 24 0.7 0 0 0 0.1 0.5 0 0 0 0.1 0.044 0.052 0.042 0.045 0.053 0.051 0.043 0.057 0.054
"45" 24 24 0.8 0 0 0 0.1 0.5 0 0 0 0.1 0.04 0.058 0.046 0.037 0.054 0.045 0.038 0.055 0.044
"46" 24 24 0.4 0.025 0.025 0 0.1 0.5 0 0 0 0.1 0.202 0.456 0.048 0.195 0.435 0.043 0.207 0.461 0.05
"47" 24 24 0.5 0.025 0.025 0 0.1 0.5 0 0 0 0.1 0.247 0.476 0.049 0.237 0.471 0.046 0.247 0.493 0.047
"48" 24 24 0.6 0.025 0.025 0 0.1 0.5 0 0 0 0.1 0.299 0.555 0.047 0.318 0.515 0.048 0.319 0.565 0.045
"49" 24 24 0.7 0.025 0.025 0 0.1 0.5 0 0 0 0.1 0.266 0.651 0.046 0.272 0.625 0.052 0.278 0.67 0.046
"50" 24 24 0.8 0.025 0.025 0 0.1 0.5 0 0 0 0.1 0.294 0.841 0.068 0.29 0.777 0.056 0.304 0.82 0.058
"51" 24 24 0.4 0.05 0.05 0 0.1 0.5 0 0 0 0.1 0.67 0.949 0.059 0.669 0.94 0.057 0.69 0.957 0.048
"52" 24 24 0.5 0.05 0.05 0 0.1 0.5 0 0 0 0.1 0.713 0.957 0.047 0.704 0.962 0.05 0.729 0.971 0.046
"53" 24 24 0.6 0.05 0.05 0 0.1 0.5 0 0 0 0.1 0.753 0.99 0.067 0.747 0.983 0.059 0.768 0.99 0.054
"54" 24 24 0.7 0.05 0.05 0 0.1 0.5 0 0 0 0.1 0.768 0.998 0.104 0.758 0.993 0.052 0.768 0.998 0.053
"55" 24 24 0.8 0.05 0.05 0 0.1 0.5 0 0 0 0.1 0.816 0.999 0.089 0.8 0.999 0.067 0.809 0.999 0.053
"56" 24 24 0.4 0.1 0.1 0 0.1 0.5 0 0 0 0.1 0.998 1 0.101 0.999 1 0.166 0.999 1 0.059
"57" 24 24 0.5 0.1 0.1 0 0.1 0.5 0 0 0 0.1 1 1 0.174 1 1 0.177 1 1 0.048
"58" 24 24 0.6 0.1 0.1 0 0.1 0.5 0 0 0 0.1 1 1 0.36 0.999 1 0.173 0.999 1 0.049
"59" 24 24 0.7 0.1 0.1 0 0.1 0.5 0 0 0 0.1 1 1 0.549 1 1 0.207 1 1 0.06
"60" 24 24 0.8 0.1 0.1 0 0.1 0.5 0 0 0 0.1 1 1 0.292 0.999 1 0.391 0.999 1 0.179
"61" 24 24 0.4 0 0 0 0.1 0.6 0 0 0 0.1 0.054 0.055 0.063 0.052 0.051 0.052 0.051 0.049 0.064
"62" 24 24 0.5 0 0 0 0.1 0.6 0 0 0 0.1 0.031 0.056 0.049 0.036 0.056 0.048 0.035 0.06 0.051
"63" 24 24 0.6 0 0 0 0.1 0.6 0 0 0 0.1 0.039 0.052 0.05 0.048 0.042 0.047 0.044 0.047 0.044
"64" 24 24 0.7 0 0 0 0.1 0.6 0 0 0 0.1 0.046 0.056 0.042 0.037 0.049 0.051 0.041 0.052 0.05
"65" 24 24 0.8 0 0 0 0.1 0.6 0 0 0 0.1 0.055 0.049 0.047 0.038 0.051 0.05 0.045 0.046 0.049
"66" 24 24 0.4 0.025 0.025 0 0.1 0.6 0 0 0 0.1 0.222 0.408 0.057 0.212 0.392 0.057 0.224 0.429 0.06
"67" 24 24 0.5 0.025 0.025 0 0.1 0.6 0 0 0 0.1 0.222 0.465 0.06 0.224 0.459 0.054 0.235 0.491 0.05
"68" 24 24 0.6 0.025 0.025 0 0.1 0.6 0 0 0 0.1 0.263 0.548 0.054 0.256 0.541 0.055 0.268 0.581 0.056
"69" 24 24 0.7 0.025 0.025 0 0.1 0.6 0 0 0 0.1 0.267 0.651 0.053 0.27 0.608 0.039 0.277 0.654 0.049
"70" 24 24 0.8 0.025 0.025 0 0.1 0.6 0 0 0 0.1 0.295 0.826 0.041 0.291 0.757 0.045 0.298 0.802 0.045
"71" 24 24 0.4 0.05 0.05 0 0.1 0.6 0 0 0 0.1 0.691 0.949 0.051 0.686 0.947 0.061 0.723 0.964 0.053
"72" 24 24 0.5 0.05 0.05 0 0.1 0.6 0 0 0 0.1 0.71 0.958 0.066 0.721 0.961 0.06 0.738 0.977 0.048
"73" 24 24 0.6 0.05 0.05 0 0.1 0.6 0 0 0 0.1 0.727 0.979 0.075 0.724 0.985 0.066 0.754 0.991 0.048
"74" 24 24 0.7 0.05 0.05 0 0.1 0.6 0 0 0 0.1 0.759 1 0.098 0.759 0.995 0.064 0.779 0.998 0.053
"75" 24 24 0.8 0.05 0.05 0 0.1 0.6 0 0 0 0.1 0.822 1 0.09 0.8 0.998 0.074 0.813 0.999 0.062
"76" 24 24 0.4 0.1 0.1 0 0.1 0.6 0 0 0 0.1 0.999 1 0.102 0.998 1 0.182 1 1 0.052
"77" 24 24 0.5 0.1 0.1 0 0.1 0.6 0 0 0 0.1 1 1 0.171 1 1 0.137 1 1 0.04
"78" 24 24 0.6 0.1 0.1 0 0.1 0.6 0 0 0 0.1 0.998 1 0.335 0.996 1 0.175 0.997 1 0.051
"79" 24 24 0.7 0.1 0.1 0 0.1 0.6 0 0 0 0.1 1 1 0.528 1 1 0.188 1 1 0.051
"80" 24 24 0.8 0.1 0.1 0 0.1 0.6 0 0 0 0.1 1 1 0.299 1 1 0.403 1 1 0.178
"81" 24 24 0.4 0 0 0 0.1 0.7 0 0 0 0.1 0.062 0.036 0.051 0.055 0.047 0.051 0.055 0.045 0.051
"82" 24 24 0.5 0 0 0 0.1 0.7 0 0 0 0.1 0.052 0.05 0.052 0.058 0.056 0.047 0.054 0.052 0.049
"83" 24 24 0.6 0 0 0 0.1 0.7 0 0 0 0.1 0.049 0.044 0.051 0.058 0.05 0.057 0.056 0.045 0.048
"84" 24 24 0.7 0 0 0 0.1 0.7 0 0 0 0.1 0.06 0.061 0.045 0.059 0.054 0.047 0.054 0.058 0.044
"85" 24 24 0.8 0 0 0 0.1 0.7 0 0 0 0.1 0.047 0.047 0.049 0.046 0.051 0.044 0.048 0.047 0.042
"86" 24 24 0.4 0.025 0.025 0 0.1 0.7 0 0 0 0.1 0.215 0.41 0.055 0.229 0.422 0.057 0.243 0.493 0.056
"87" 24 24 0.5 0.025 0.025 0 0.1 0.7 0 0 0 0.1 0.219 0.435 0.053 0.226 0.449 0.055 0.252 0.522 0.049
"88" 24 24 0.6 0.025 0.025 0 0.1 0.7 0 0 0 0.1 0.249 0.495 0.058 0.263 0.52 0.047 0.28 0.586 0.052
"89" 24 24 0.7 0.025 0.025 0 0.1 0.7 0 0 0 0.1 0.265 0.614 0.051 0.275 0.626 0.047 0.281 0.669 0.051
"90" 24 24 0.8 0.025 0.025 0 0.1 0.7 0 0 0 0.1 0.325 0.793 0.054 0.317 0.742 0.056 0.328 0.798 0.06
"91" 24 24 0.4 0.05 0.05 0 0.1 0.7 0 0 0 0.1 0.667 0.936 0.044 0.678 0.949 0.061 0.733 0.97 0.05
"92" 24 24 0.5 0.05 0.05 0 0.1 0.7 0 0 0 0.1 0.694 0.951 0.052 0.714 0.968 0.052 0.762 0.983 0.049
"93" 24 24 0.6 0.05 0.05 0 0.1 0.7 0 0 0 0.1 0.707 0.977 0.07 0.722 0.98 0.055 0.768 0.994 0.044
"94" 24 24 0.7 0.05 0.05 0 0.1 0.7 0 0 0 0.1 0.752 0.997 0.094 0.758 0.993 0.058 0.787 0.996 0.051
"95" 24 24 0.8 0.05 0.05 0 0.1 0.7 0 0 0 0.1 0.826 1 0.09 0.807 0.999 0.07 0.817 1 0.053
"96" 24 24 0.4 0.1 0.1 0 0.1 0.7 0 0 0 0.1 0.997 1 0.092 0.999 1 0.187 1 1 0.062
"97" 24 24 0.5 0.1 0.1 0 0.1 0.7 0 0 0 0.1 0.996 1 0.125 1 1 0.16 1 1 0.049
"98" 24 24 0.6 0.1 0.1 0 0.1 0.7 0 0 0 0.1 0.999 1 0.311 0.998 1 0.143 0.999 1 0.037
"99" 24 24 0.7 0.1 0.1 0 0.1 0.7 0 0 0 0.1 1 1 0.461 1 1 0.182 1 1 0.062
"100" 24 24 0.8 0.1 0.1 0 0.1 0.7 0 0 0 0.1 1 1 0.283 0.998 1 0.375 1 1 0.169
