"N_s" "N_t" "d_0" "d_1" "d_2" "d_3" "d_SD" "k_0" "k_1" "k_2" "k_3" "k_SD" "S" "B.dp" "W.dp" "BxW.dp" "B.Ap" "W.Ap" "BxW.Ap" "B.Pr" "W.Pr" "BxW.Pr"
"1" 24 24 1.5 0.25 0.25 0 0.5 -1 0.125 0 0 0.5 1 0.866 0.999 0.063 0.85 0.986 0.095 0.891 1 0.051
"2" 24 24 2 0.25 0.25 0 0.5 -1 0.125 0 0 0.5 1 0.882 0.998 0.051 0.888 0.983 0.077 0.893 0.998 0.053
"3" 24 24 2.5 0.25 0.25 0 0.5 -1 0.125 0 0 0.5 1 0.861 0.987 0.047 0.861 0.988 0.063 0.851 0.996 0.058
"4" 24 24 3 0.25 0.25 0 0.5 -1 0.125 0 0 0.5 1 0.859 0.981 0.046 0.847 0.99 0.085 0.836 0.991 0.077
"5" 24 24 3.5 0.25 0.25 0 0.5 -1 0.125 0 0 0.5 1 0.846 0.967 0.045 0.811 0.984 0.083 0.801 0.985 0.083
"6" 24 24 1.5 0.25 0.25 0 0.5 -0.5 0.125 0 0 0.5 1 0.824 0.999 0.063 0.847 0.996 0.129 0.878 1 0.062
"7" 24 24 2 0.25 0.25 0 0.5 -0.5 0.125 0 0 0.5 1 0.83 1 0.05 0.872 1 0.101 0.882 1 0.065
"8" 24 24 2.5 0.25 0.25 0 0.5 -0.5 0.125 0 0 0.5 1 0.84 0.991 0.049 0.86 0.995 0.094 0.855 0.996 0.067
"9" 24 24 3 0.25 0.25 0 0.5 -0.5 0.125 0 0 0.5 1 0.83 0.98 0.052 0.829 0.991 0.115 0.817 0.994 0.1
"10" 24 24 3.5 0.25 0.25 0 0.5 -0.5 0.125 0 0 0.5 1 0.816 0.957 0.042 0.785 0.981 0.122 0.773 0.981 0.111
"11" 24 24 1.5 0.25 0.25 0 0.5 0 0.125 0 0 0.5 1 0.805 0.999 0.063 0.804 1 0.152 0.794 1 0.077
"12" 24 24 2 0.25 0.25 0 0.5 0 0.125 0 0 0.5 1 0.803 1 0.042 0.755 1 0.142 0.729 1 0.083
"13" 24 24 2.5 0.25 0.25 0 0.5 0 0.125 0 0 0.5 1 0.745 0.996 0.053 0.694 0.995 0.12 0.655 0.996 0.089
"14" 24 24 3 0.25 0.25 0 0.5 0 0.125 0 0 0.5 1 0.679 0.985 0.056 0.639 0.993 0.122 0.598 0.995 0.096
"15" 24 24 3.5 0.25 0.25 0 0.5 0 0.125 0 0 0.5 1 0.598 0.957 0.071 0.523 0.972 0.112 0.51 0.975 0.105
"16" 24 24 1.5 0.25 0.25 0 0.5 0.5 0.125 0 0 0.5 1 0.755 0.999 0.048 0.647 0.999 0.149 0.442 0.999 0.067
"17" 24 24 2 0.25 0.25 0 0.5 0.5 0.125 0 0 0.5 1 0.683 0.996 0.05 0.545 0.997 0.143 0.316 0.998 0.077
"18" 24 24 2.5 0.25 0.25 0 0.5 0.5 0.125 0 0 0.5 1 0.62 0.992 0.07 0.399 0.997 0.117 0.258 0.998 0.085
"19" 24 24 3 0.25 0.25 0 0.5 0.5 0.125 0 0 0.5 1 0.439 0.99 0.072 0.233 0.995 0.102 0.174 0.996 0.079
"20" 24 24 3.5 0.25 0.25 0 0.5 0.5 0.125 0 0 0.5 1 0.279 0.966 0.07 0.155 0.978 0.076 0.127 0.984 0.072
"21" 24 24 1.5 0.25 0.25 0 0.5 1 0.125 0 0 0.5 1 0.591 0.999 0.055 0.486 0.986 0.134 0.174 1 0.063
"22" 24 24 2 0.25 0.25 0 0.5 1 0.125 0 0 0.5 1 0.441 0.994 0.065 0.266 0.983 0.118 0.111 0.997 0.067
"23" 24 24 2.5 0.25 0.25 0 0.5 1 0.125 0 0 0.5 1 0.269 0.993 0.055 0.108 0.995 0.067 0.067 1 0.045
"24" 24 24 3 0.25 0.25 0 0.5 1 0.125 0 0 0.5 1 0.181 0.981 0.075 0.086 0.991 0.065 0.063 0.993 0.054
"25" 24 24 3.5 0.25 0.25 0 0.5 1 0.125 0 0 0.5 1 0.084 0.976 0.059 0.056 0.991 0.052 0.055 0.99 0.047
"26" 24 24 1.5 0.25 0.25 0 0.5 -1 0.25 0 0 0.5 1 0.932 0.995 0.054 0.941 0.972 0.075 0.99 0.999 0.067
"27" 24 24 2 0.25 0.25 0 0.5 -1 0.25 0 0 0.5 1 0.966 0.995 0.07 0.978 0.984 0.067 0.993 1 0.061
"28" 24 24 2.5 0.25 0.25 0 0.5 -1 0.25 0 0 0.5 1 0.973 0.993 0.059 0.987 0.987 0.058 0.99 0.998 0.056
"29" 24 24 3 0.25 0.25 0 0.5 -1 0.25 0 0 0.5 1 0.986 0.985 0.058 0.992 0.985 0.077 0.989 0.994 0.069
"30" 24 24 3.5 0.25 0.25 0 0.5 -1 0.25 0 0 0.5 1 0.98 0.962 0.049 0.982 0.984 0.126 0.982 0.988 0.124
"31" 24 24 1.5 0.25 0.25 0 0.5 -0.5 0.25 0 0 0.5 1 0.841 0.999 0.071 0.891 0.996 0.123 0.975 1 0.055
"32" 24 24 2 0.25 0.25 0 0.5 -0.5 0.25 0 0 0.5 1 0.887 0.998 0.046 0.939 0.997 0.091 0.977 0.998 0.054
"33" 24 24 2.5 0.25 0.25 0 0.5 -0.5 0.25 0 0 0.5 1 0.917 0.996 0.054 0.962 0.998 0.099 0.977 0.998 0.09
"34" 24 24 3 0.25 0.25 0 0.5 -0.5 0.25 0 0 0.5 1 0.951 0.982 0.055 0.968 0.995 0.119 0.969 0.996 0.105
"35" 24 24 3.5 0.25 0.25 0 0.5 -0.5 0.25 0 0 0.5 1 0.953 0.951 0.048 0.959 0.975 0.144 0.96 0.976 0.139
"36" 24 24 1.5 0.25 0.25 0 0.5 0 0.25 0 0 0.5 1 0.83 1 0.046 0.798 0.998 0.161 0.78 1 0.072
"37" 24 24 2 0.25 0.25 0 0.5 0 0.25 0 0 0.5 1 0.777 1 0.062 0.743 1 0.131 0.702 1 0.078
"38" 24 24 2.5 0.25 0.25 0 0.5 0 0.25 0 0 0.5 1 0.761 0.994 0.06 0.717 0.996 0.135 0.647 0.997 0.095
"39" 24 24 3 0.25 0.25 0 0.5 0 0.25 0 0 0.5 1 0.714 0.984 0.073 0.626 0.992 0.111 0.588 0.993 0.096
"40" 24 24 3.5 0.25 0.25 0 0.5 0 0.25 0 0 0.5 1 0.6 0.963 0.056 0.514 0.977 0.093 0.483 0.983 0.081
"41" 24 24 1.5 0.25 0.25 0 0.5 0.5 0.25 0 0 0.5 1 0.716 1 0.067 0.544 0.998 0.182 0.195 1 0.089
"42" 24 24 2 0.25 0.25 0 0.5 0.5 0.25 0 0 0.5 1 0.602 0.999 0.074 0.309 1 0.166 0.107 1 0.082
"43" 24 24 2.5 0.25 0.25 0 0.5 0.5 0.25 0 0 0.5 1 0.385 0.993 0.073 0.133 0.996 0.113 0.062 0.996 0.069
"44" 24 24 3 0.25 0.25 0 0.5 0.5 0.25 0 0 0.5 1 0.186 0.981 0.081 0.047 0.995 0.071 0.041 0.994 0.058
"45" 24 24 3.5 0.25 0.25 0 0.5 0.5 0.25 0 0 0.5 1 0.085 0.951 0.081 0.052 0.971 0.069 0.05 0.969 0.06
"46" 24 24 1.5 0.25 0.25 0 0.5 1 0.25 0 0 0.5 1 0.405 0.998 0.1 0.271 0.982 0.192 0.047 1 0.117
"47" 24 24 2 0.25 0.25 0 0.5 1 0.25 0 0 0.5 1 0.236 0.998 0.103 0.081 0.993 0.151 0.081 1 0.08
"48" 24 24 2.5 0.25 0.25 0 0.5 1 0.25 0 0 0.5 1 0.078 0.99 0.104 0.055 0.995 0.102 0.124 0.998 0.057
"49" 24 24 3 0.25 0.25 0 0.5 1 0.25 0 0 0.5 1 0.051 0.986 0.085 0.105 0.994 0.07 0.156 0.996 0.058
"50" 24 24 3.5 0.25 0.25 0 0.5 1 0.25 0 0 0.5 1 0.079 0.974 0.066 0.172 0.992 0.053 0.198 0.993 0.054
"51" 24 24 1.5 0.25 0.25 0 0.5 -1 0.5 0 0 0.5 1 0.993 0.996 0.059 0.995 0.957 0.068 1 1 0.166
"52" 24 24 2 0.25 0.25 0 0.5 -1 0.5 0 0 0.5 1 0.998 0.988 0.074 0.999 0.952 0.044 1 0.996 0.064
"53" 24 24 2.5 0.25 0.25 0 0.5 -1 0.5 0 0 0.5 1 1 0.987 0.082 1 0.961 0.059 1 0.996 0.055
"54" 24 24 3 0.25 0.25 0 0.5 -1 0.5 0 0 0.5 1 1 0.981 0.071 1 0.971 0.088 1 0.997 0.089
"55" 24 24 3.5 0.25 0.25 0 0.5 -1 0.5 0 0 0.5 1 1 0.959 0.07 1 0.973 0.183 1 0.989 0.203
"56" 24 24 1.5 0.25 0.25 0 0.5 -0.5 0.5 0 0 0.5 1 0.909 0.998 0.061 0.964 0.991 0.051 0.998 1 0.064
"57" 24 24 2 0.25 0.25 0 0.5 -0.5 0.5 0 0 0.5 1 0.96 0.999 0.055 0.992 0.993 0.074 1 1 0.049
"58" 24 24 2.5 0.25 0.25 0 0.5 -0.5 0.5 0 0 0.5 1 0.988 0.99 0.064 0.997 0.993 0.085 0.999 0.996 0.07
"59" 24 24 3 0.25 0.25 0 0.5 -0.5 0.5 0 0 0.5 1 0.994 0.985 0.059 1 0.989 0.133 1 0.99 0.149
"60" 24 24 3.5 0.25 0.25 0 0.5 -0.5 0.5 0 0 0.5 1 0.999 0.963 0.058 0.999 0.977 0.195 0.999 0.977 0.204
"61" 24 24 1.5 0.25 0.25 0 0.5 0 0.5 0 0 0.5 1 0.774 0.997 0.066 0.737 0.997 0.134 0.684 0.999 0.066
"62" 24 24 2 0.25 0.25 0 0.5 0 0.5 0 0 0.5 1 0.775 0.998 0.05 0.733 0.999 0.122 0.646 1 0.071
"63" 24 24 2.5 0.25 0.25 0 0.5 0 0.5 0 0 0.5 1 0.739 0.993 0.048 0.657 0.995 0.105 0.567 0.999 0.072
"64" 24 24 3 0.25 0.25 0 0.5 0 0.5 0 0 0.5 1 0.661 0.984 0.06 0.54 0.992 0.094 0.488 0.991 0.071
"65" 24 24 3.5 0.25 0.25 0 0.5 0 0.5 0 0 0.5 1 0.549 0.957 0.071 0.422 0.974 0.109 0.404 0.975 0.101
"66" 24 24 1.5 0.25 0.25 0 0.5 0.5 0.5 0 0 0.5 1 0.58 1 0.069 0.315 1 0.231 0.054 1 0.14
"67" 24 24 2 0.25 0.25 0 0.5 0.5 0.5 0 0 0.5 1 0.34 1 0.103 0.058 0.998 0.192 0.118 0.999 0.102
"68" 24 24 2.5 0.25 0.25 0 0.5 0.5 0.5 0 0 0.5 1 0.134 0.986 0.106 0.058 0.99 0.118 0.233 0.995 0.072
"69" 24 24 3 0.25 0.25 0 0.5 0.5 0.5 0 0 0.5 1 0.043 0.984 0.127 0.19 0.993 0.079 0.335 0.996 0.064
"70" 24 24 3.5 0.25 0.25 0 0.5 0.5 0.5 0 0 0.5 1 0.094 0.952 0.083 0.357 0.982 0.05 0.463 0.984 0.055
"71" 24 24 1.5 0.25 0.25 0 0.5 1 0.5 0 0 0.5 1 0.13 0.995 0.135 0.062 0.982 0.254 0.498 0.998 0.262
"72" 24 24 2 0.25 0.25 0 0.5 1 0.5 0 0 0.5 1 0.052 0.998 0.154 0.2 0.983 0.189 0.763 0.999 0.126
"73" 24 24 2.5 0.25 0.25 0 0.5 1 0.5 0 0 0.5 1 0.176 0.995 0.158 0.606 0.992 0.111 0.892 0.999 0.072
"74" 24 24 3 0.25 0.25 0 0.5 1 0.5 0 0 0.5 1 0.485 0.985 0.133 0.861 0.989 0.053 0.953 0.995 0.051
"75" 24 24 3.5 0.25 0.25 0 0.5 1 0.5 0 0 0.5 1 0.744 0.965 0.111 0.931 0.985 0.063 0.952 0.987 0.074
