"N_s" "N_t" "Pr_0" "Pr_1" "Pr_2" "Pr_3" "Pr_SD" "Br_0" "Br_1" "Br_2" "Br_3" "Br_SD" "B.dp" "W.dp" "BxW.dp" "B.Ap" "W.Ap" "BxW.Ap" "B.Pr" "W.Pr" "BxW.Pr"
"1" 24 24 0.4 0.1 0.1 0 0.1 0.3 0.025 0 0 0.1 0.993 1 0.072 0.997 1 0.164 1 1 0.048
"2" 24 24 0.5 0.1 0.1 0 0.1 0.3 0.025 0 0 0.1 0.996 1 0.142 0.999 1 0.145 1 1 0.048
"3" 24 24 0.6 0.1 0.1 0 0.1 0.3 0.025 0 0 0.1 0.997 1 0.301 0.999 1 0.145 0.999 1 0.058
"4" 24 24 0.7 0.1 0.1 0 0.1 0.3 0.025 0 0 0.1 1 1 0.52 1 1 0.145 1 1 0.055
"5" 24 24 0.8 0.1 0.1 0 0.1 0.3 0.025 0 0 0.1 1 1 0.328 0.999 1 0.365 1 1 0.195
"6" 24 24 0.4 0.1 0.1 0 0.1 0.4 0.025 0 0 0.1 0.997 1 0.086 0.997 1 0.176 0.999 1 0.054
"7" 24 24 0.5 0.1 0.1 0 0.1 0.4 0.025 0 0 0.1 0.999 1 0.177 0.997 1 0.168 0.999 1 0.038
"8" 24 24 0.6 0.1 0.1 0 0.1 0.4 0.025 0 0 0.1 1 1 0.352 0.999 1 0.165 1 1 0.048
"9" 24 24 0.7 0.1 0.1 0 0.1 0.4 0.025 0 0 0.1 1 1 0.543 1 1 0.198 1 1 0.061
"10" 24 24 0.8 0.1 0.1 0 0.1 0.4 0.025 0 0 0.1 1 1 0.306 1 1 0.397 1 1 0.21
"11" 24 24 0.4 0.1 0.1 0 0.1 0.5 0.025 0 0 0.1 0.999 1 0.103 0.996 1 0.176 0.998 1 0.049
"12" 24 24 0.5 0.1 0.1 0 0.1 0.5 0.025 0 0 0.1 0.998 1 0.182 0.999 1 0.159 0.999 1 0.049
"13" 24 24 0.6 0.1 0.1 0 0.1 0.5 0.025 0 0 0.1 1 1 0.337 1 1 0.164 1 1 0.049
"14" 24 24 0.7 0.1 0.1 0 0.1 0.5 0.025 0 0 0.1 1 1 0.527 0.999 1 0.217 0.999 1 0.07
"15" 24 24 0.8 0.1 0.1 0 0.1 0.5 0.025 0 0 0.1 1 1 0.323 1 1 0.395 1 1 0.165
"16" 24 24 0.4 0.1 0.1 0 0.1 0.6 0.025 0 0 0.1 1 1 0.103 0.999 1 0.169 0.999 1 0.049
"17" 24 24 0.5 0.1 0.1 0 0.1 0.6 0.025 0 0 0.1 1 1 0.163 1 1 0.17 1 1 0.047
"18" 24 24 0.6 0.1 0.1 0 0.1 0.6 0.025 0 0 0.1 1 1 0.322 1 1 0.163 1 1 0.042
"19" 24 24 0.7 0.1 0.1 0 0.1 0.6 0.025 0 0 0.1 1 1 0.514 1 1 0.196 1 1 0.058
"20" 24 24 0.8 0.1 0.1 0 0.1 0.6 0.025 0 0 0.1 1 1 0.273 1 1 0.406 1 1 0.188
"21" 24 24 0.4 0.1 0.1 0 0.1 0.7 0.025 0 0 0.1 0.998 1 0.067 0.999 1 0.226 0.998 1 0.056
"22" 24 24 0.5 0.1 0.1 0 0.1 0.7 0.025 0 0 0.1 0.999 1 0.137 0.999 1 0.195 1 1 0.036
"23" 24 24 0.6 0.1 0.1 0 0.1 0.7 0.025 0 0 0.1 0.999 1 0.271 0.999 1 0.164 1 1 0.051
"24" 24 24 0.7 0.1 0.1 0 0.1 0.7 0.025 0 0 0.1 0.999 1 0.436 0.999 1 0.208 0.999 1 0.064
"25" 24 24 0.8 0.1 0.1 0 0.1 0.7 0.025 0 0 0.1 1 1 0.252 1 1 0.383 1 1 0.18
"26" 24 24 0.4 0.1 0.1 0 0.1 0.3 0.05 0 0 0.1 0.974 1 0.063 0.992 1 0.13 1 1 0.034
"27" 24 24 0.5 0.1 0.1 0 0.1 0.3 0.05 0 0 0.1 0.987 1 0.131 0.998 1 0.118 1 1 0.041
"28" 24 24 0.6 0.1 0.1 0 0.1 0.3 0.05 0 0 0.1 0.994 1 0.33 0.996 1 0.102 1 1 0.045
"29" 24 24 0.7 0.1 0.1 0 0.1 0.3 0.05 0 0 0.1 0.999 1 0.531 0.999 1 0.114 0.999 1 0.052
"30" 24 24 0.8 0.1 0.1 0 0.1 0.3 0.05 0 0 0.1 1 1 0.376 1 1 0.296 1 1 0.199
"31" 24 24 0.4 0.1 0.1 0 0.1 0.4 0.05 0 0 0.1 0.997 1 0.082 0.994 1 0.155 0.998 1 0.05
"32" 24 24 0.5 0.1 0.1 0 0.1 0.4 0.05 0 0 0.1 0.992 1 0.172 0.996 1 0.135 0.998 1 0.053
"33" 24 24 0.6 0.1 0.1 0 0.1 0.4 0.05 0 0 0.1 0.998 1 0.375 0.999 1 0.128 0.999 1 0.047
"34" 24 24 0.7 0.1 0.1 0 0.1 0.4 0.05 0 0 0.1 1 1 0.535 1 1 0.175 1 1 0.055
"35" 24 24 0.8 0.1 0.1 0 0.1 0.4 0.05 0 0 0.1 0.999 1 0.326 1 1 0.363 1 1 0.177
"36" 24 24 0.4 0.1 0.1 0 0.1 0.5 0.05 0 0 0.1 1 1 0.093 0.999 1 0.156 0.999 1 0.058
"37" 24 24 0.5 0.1 0.1 0 0.1 0.5 0.05 0 0 0.1 0.999 1 0.178 0.999 1 0.15 0.999 1 0.052
"38" 24 24 0.6 0.1 0.1 0 0.1 0.5 0.05 0 0 0.1 1 1 0.338 0.999 1 0.157 1 1 0.042
"39" 24 24 0.7 0.1 0.1 0 0.1 0.5 0.05 0 0 0.1 1 1 0.548 1 1 0.175 1 1 0.058
"40" 24 24 0.8 0.1 0.1 0 0.1 0.5 0.05 0 0 0.1 1 1 0.286 1 1 0.427 1 1 0.198
"41" 24 24 0.4 0.1 0.1 0 0.1 0.6 0.05 0 0 0.1 1 1 0.094 1 1 0.183 0.999 1 0.05
"42" 24 24 0.5 0.1 0.1 0 0.1 0.6 0.05 0 0 0.1 0.999 1 0.149 1 1 0.191 0.999 1 0.057
"43" 24 24 0.6 0.1 0.1 0 0.1 0.6 0.05 0 0 0.1 1 1 0.317 1 1 0.182 1 1 0.041
"44" 24 24 0.7 0.1 0.1 0 0.1 0.6 0.05 0 0 0.1 0.999 1 0.506 0.998 1 0.221 0.999 1 0.06
"45" 24 24 0.8 0.1 0.1 0 0.1 0.6 0.05 0 0 0.1 1 1 0.261 1 1 0.407 1 1 0.191
"46" 24 24 0.4 0.1 0.1 0 0.1 0.7 0.05 0 0 0.1 1 1 0.093 1 1 0.231 1 1 0.061
"47" 24 24 0.5 0.1 0.1 0 0.1 0.7 0.05 0 0 0.1 0.999 1 0.137 0.999 1 0.205 0.999 1 0.044
"48" 24 24 0.6 0.1 0.1 0 0.1 0.7 0.05 0 0 0.1 1 1 0.281 1 1 0.198 0.999 1 0.054
"49" 24 24 0.7 0.1 0.1 0 0.1 0.7 0.05 0 0 0.1 1 1 0.418 1 1 0.23 1 1 0.048
"50" 24 24 0.8 0.1 0.1 0 0.1 0.7 0.05 0 0 0.1 1 1 0.217 1 1 0.444 1 1 0.206
"51" 24 24 0.4 0.1 0.1 0 0.1 0.3 0.1 0 0 0.1 0.881 1 0.072 0.976 1 0.119 1 1 0.065
"52" 24 24 0.5 0.1 0.1 0 0.1 0.3 0.1 0 0 0.1 0.914 1 0.134 0.988 1 0.085 1 1 0.045
"53" 24 24 0.6 0.1 0.1 0 0.1 0.3 0.1 0 0 0.1 0.974 1 0.347 0.991 1 0.07 0.999 1 0.059
"54" 24 24 0.7 0.1 0.1 0 0.1 0.3 0.1 0 0 0.1 0.997 1 0.608 0.999 1 0.096 1 1 0.059
"55" 24 24 0.8 0.1 0.1 0 0.1 0.3 0.1 0 0 0.1 1 1 0.445 1 1 0.27 1 1 0.193
"56" 24 24 0.4 0.1 0.1 0 0.1 0.4 0.1 0 0 0.1 0.985 1 0.072 0.994 1 0.132 1 1 0.053
"57" 24 24 0.5 0.1 0.1 0 0.1 0.4 0.1 0 0 0.1 0.989 1 0.148 0.997 1 0.127 1 1 0.047
"58" 24 24 0.6 0.1 0.1 0 0.1 0.4 0.1 0 0 0.1 0.998 1 0.342 1 1 0.101 1 1 0.042
"59" 24 24 0.7 0.1 0.1 0 0.1 0.4 0.1 0 0 0.1 0.998 1 0.571 0.998 1 0.139 1 1 0.048
"60" 24 24 0.8 0.1 0.1 0 0.1 0.4 0.1 0 0 0.1 0.999 1 0.355 0.999 1 0.33 0.999 1 0.189
"61" 24 24 0.4 0.1 0.1 0 0.1 0.5 0.1 0 0 0.1 0.997 1 0.081 0.997 1 0.149 0.998 1 0.044
"62" 24 24 0.5 0.1 0.1 0 0.1 0.5 0.1 0 0 0.1 0.999 1 0.148 0.998 1 0.187 1 1 0.05
"63" 24 24 0.6 0.1 0.1 0 0.1 0.5 0.1 0 0 0.1 0.996 1 0.345 0.997 1 0.158 0.997 1 0.046
"64" 24 24 0.7 0.1 0.1 0 0.1 0.5 0.1 0 0 0.1 1 1 0.526 1 1 0.213 1 1 0.063
"65" 24 24 0.8 0.1 0.1 0 0.1 0.5 0.1 0 0 0.1 0.999 1 0.282 0.999 1 0.389 0.999 1 0.192
"66" 24 24 0.4 0.1 0.1 0 0.1 0.6 0.1 0 0 0.1 1 1 0.105 0.998 1 0.214 0.998 1 0.045
"67" 24 24 0.5 0.1 0.1 0 0.1 0.6 0.1 0 0 0.1 1 1 0.171 1 1 0.215 1 1 0.055
"68" 24 24 0.6 0.1 0.1 0 0.1 0.6 0.1 0 0 0.1 1 1 0.3 1 1 0.195 1 1 0.039
"69" 24 24 0.7 0.1 0.1 0 0.1 0.6 0.1 0 0 0.1 1 1 0.452 1 1 0.237 1 1 0.05
"70" 24 24 0.8 0.1 0.1 0 0.1 0.6 0.1 0 0 0.1 1 1 0.244 1 1 0.443 1 1 0.16
"71" 24 24 0.4 0.1 0.1 0 0.1 0.7 0.1 0 0 0.1 1 1 0.099 1 1 0.28 0.999 1 0.055
"72" 24 24 0.5 0.1 0.1 0 0.1 0.7 0.1 0 0 0.1 1 1 0.119 1 1 0.255 1 1 0.054
"73" 24 24 0.6 0.1 0.1 0 0.1 0.7 0.1 0 0 0.1 1 1 0.219 1 1 0.252 1 1 0.058
"74" 24 24 0.7 0.1 0.1 0 0.1 0.7 0.1 0 0 0.1 1 1 0.342 1 1 0.288 0.999 1 0.06
"75" 24 24 0.8 0.1 0.1 0 0.1 0.7 0.1 0 0 0.1 1 1 0.157 1 1 0.507 1 1 0.192
