"N_s" "N_t" "Pr_0" "Pr_1" "Pr_2" "Pr_3" "Pr_SD" "Br_0" "Br_1" "Br_2" "Br_3" "Br_SD" "B.dp" "W.dp" "BxW.dp" "B.Ap" "W.Ap" "BxW.Ap" "B.Pr" "W.Pr" "BxW.Pr"
"1" 24 24 0.6 0.1 0.1 0 0.1 0.3 0 0 0 0.1 0.999 1 0.275 0.998 1 0.131 0.999 1 0.039
"2" 24 24 0.6 0.1 0.1 0 0.1 0.4 0 0 0 0.1 1 1 0.345 1 1 0.163 1 1 0.051
"3" 24 24 0.6 0.1 0.1 0 0.1 0.5 0 0 0 0.1 0.998 1 0.366 0.998 1 0.159 0.998 1 0.045
"4" 24 24 0.6 0.1 0.1 0 0.1 0.6 0 0 0 0.1 0.998 1 0.363 0.998 1 0.16 0.999 1 0.054
"5" 24 24 0.6 0.1 0.1 0 0.1 0.7 0 0 0 0.1 1 1 0.321 1 1 0.156 1 1 0.056
"6" 24 24 0.6 0.1 0.1 0 0.1 0.3 0.025 0 0 0.1 0.999 1 0.302 1 1 0.148 1 1 0.055
"7" 24 24 0.6 0.1 0.1 0 0.1 0.4 0.025 0 0 0.1 1 1 0.34 1 1 0.138 1 1 0.046
"8" 24 24 0.6 0.1 0.1 0 0.1 0.5 0.025 0 0 0.1 0.999 1 0.366 1 1 0.173 1 1 0.051
"9" 24 24 0.6 0.1 0.1 0 0.1 0.6 0.025 0 0 0.1 0.998 1 0.335 0.998 1 0.181 0.998 1 0.055
"10" 24 24 0.6 0.1 0.1 0 0.1 0.7 0.025 0 0 0.1 1 1 0.268 1 1 0.183 1 1 0.053
"11" 24 24 0.6 0.1 0.1 0 0.1 0.3 0.05 0 0 0.1 0.992 1 0.3 0.997 1 0.118 0.999 1 0.041
"12" 24 24 0.6 0.1 0.1 0 0.1 0.4 0.05 0 0 0.1 0.999 1 0.33 0.997 1 0.179 1 1 0.055
"13" 24 24 0.6 0.1 0.1 0 0.1 0.5 0.05 0 0 0.1 0.999 1 0.379 0.998 1 0.161 1 1 0.055
"14" 24 24 0.6 0.1 0.1 0 0.1 0.6 0.05 0 0 0.1 1 1 0.342 0.999 1 0.197 0.999 1 0.057
"15" 24 24 0.6 0.1 0.1 0 0.1 0.7 0.05 0 0 0.1 1 1 0.274 1 1 0.198 1 1 0.045
"16" 24 24 0.6 0.1 0.1 0 0.1 0.3 0.1 0 0 0.1 0.974 1 0.344 0.997 1 0.064 1 1 0.045
"17" 24 24 0.6 0.1 0.1 0 0.1 0.4 0.1 0 0 0.1 0.997 1 0.334 0.998 1 0.11 0.999 1 0.05
"18" 24 24 0.6 0.1 0.1 0 0.1 0.5 0.1 0 0 0.1 1 1 0.319 1 1 0.156 1 1 0.05
"19" 24 24 0.6 0.1 0.1 0 0.1 0.6 0.1 0 0 0.1 1 1 0.299 0.999 1 0.194 1 1 0.056
"20" 24 24 0.6 0.1 0.1 0 0.1 0.7 0.1 0 0 0.1 1 1 0.193 1 1 0.288 1 1 0.059
"21" 24 24 0.6 0.1 0.1 0 0.1 0.3 0 0.025 0 0.1 0.999 1 0.291 0.998 1 0.131 1 1 0.047
"22" 24 24 0.6 0.1 0.1 0 0.1 0.4 0 0.025 0 0.1 0.999 1 0.329 0.999 1 0.169 0.999 1 0.054
"23" 24 24 0.6 0.1 0.1 0 0.1 0.5 0 0.025 0 0.1 1 1 0.337 1 1 0.19 1 1 0.065
"24" 24 24 0.6 0.1 0.1 0 0.1 0.6 0 0.025 0 0.1 1 1 0.314 1 1 0.166 1 1 0.05
"25" 24 24 0.6 0.1 0.1 0 0.1 0.7 0 0.025 0 0.1 0.999 1 0.249 0.998 1 0.189 1 1 0.052
"26" 24 24 0.6 0.1 0.1 0 0.1 0.3 0.025 0.025 0 0.1 1 1 0.34 1 1 0.103 1 1 0.049
"27" 24 24 0.6 0.1 0.1 0 0.1 0.4 0.025 0.025 0 0.1 1 1 0.347 1 1 0.125 1 1 0.044
"28" 24 24 0.6 0.1 0.1 0 0.1 0.5 0.025 0.025 0 0.1 0.999 1 0.362 0.998 1 0.164 0.998 1 0.053
"29" 24 24 0.6 0.1 0.1 0 0.1 0.6 0.025 0.025 0 0.1 1 1 0.346 0.998 1 0.171 0.999 1 0.049
"30" 24 24 0.6 0.1 0.1 0 0.1 0.7 0.025 0.025 0 0.1 1 1 0.281 1 1 0.197 1 1 0.05
"31" 24 24 0.6 0.1 0.1 0 0.1 0.3 0.05 0.025 0 0.1 0.99 1 0.379 0.996 1 0.098 1 1 0.053
"32" 24 24 0.6 0.1 0.1 0 0.1 0.4 0.05 0.025 0 0.1 1 1 0.385 1 1 0.125 1 1 0.045
"33" 24 24 0.6 0.1 0.1 0 0.1 0.5 0.05 0.025 0 0.1 1 1 0.419 1 1 0.145 1 1 0.058
"34" 24 24 0.6 0.1 0.1 0 0.1 0.6 0.05 0.025 0 0.1 1 1 0.33 0.999 1 0.203 1 1 0.066
"35" 24 24 0.6 0.1 0.1 0 0.1 0.7 0.05 0.025 0 0.1 1 1 0.275 1 1 0.19 0.999 1 0.055
"36" 24 24 0.6 0.1 0.1 0 0.1 0.3 0.1 0.025 0 0.1 0.968 1 0.468 0.996 1 0.053 1 1 0.047
"37" 24 24 0.6 0.1 0.1 0 0.1 0.4 0.1 0.025 0 0.1 1 1 0.45 0.998 1 0.091 1 1 0.062
"38" 24 24 0.6 0.1 0.1 0 0.1 0.5 0.1 0.025 0 0.1 0.999 1 0.434 1 1 0.132 1 1 0.051
"39" 24 24 0.6 0.1 0.1 0 0.1 0.6 0.1 0.025 0 0.1 1 1 0.352 1 1 0.178 1 1 0.041
"40" 24 24 0.6 0.1 0.1 0 0.1 0.7 0.1 0.025 0 0.1 1 1 0.285 1 1 0.236 1 1 0.043
"41" 24 24 0.6 0.1 0.1 0 0.1 0.3 0 0.05 0 0.1 0.998 1 0.32 0.999 1 0.121 0.999 1 0.056
"42" 24 24 0.6 0.1 0.1 0 0.1 0.4 0 0.05 0 0.1 1 1 0.317 1 1 0.163 1 1 0.054
"43" 24 24 0.6 0.1 0.1 0 0.1 0.5 0 0.05 0 0.1 1 1 0.353 0.999 1 0.146 0.999 1 0.046
"44" 24 24 0.6 0.1 0.1 0 0.1 0.6 0 0.05 0 0.1 0.998 1 0.306 0.999 1 0.178 0.999 1 0.043
"45" 24 24 0.6 0.1 0.1 0 0.1 0.7 0 0.05 0 0.1 0.999 1 0.261 0.999 1 0.182 1 1 0.038
"46" 24 24 0.6 0.1 0.1 0 0.1 0.3 0.025 0.05 0 0.1 0.998 1 0.362 0.999 1 0.075 0.999 1 0.045
"47" 24 24 0.6 0.1 0.1 0 0.1 0.4 0.025 0.05 0 0.1 0.998 1 0.4 0.998 1 0.115 0.999 1 0.048
"48" 24 24 0.6 0.1 0.1 0 0.1 0.5 0.025 0.05 0 0.1 0.999 1 0.373 0.997 1 0.135 0.999 1 0.053
"49" 24 24 0.6 0.1 0.1 0 0.1 0.6 0.025 0.05 0 0.1 1 1 0.365 0.999 1 0.18 1 1 0.051
"50" 24 24 0.6 0.1 0.1 0 0.1 0.7 0.025 0.05 0 0.1 1 1 0.294 1 1 0.21 1 1 0.064
"51" 24 24 0.6 0.1 0.1 0 0.1 0.3 0.05 0.05 0 0.1 0.995 1 0.456 0.994 1 0.07 1 1 0.05
"52" 24 24 0.6 0.1 0.1 0 0.1 0.4 0.05 0.05 0 0.1 0.998 1 0.397 0.997 1 0.1 1 1 0.049
"53" 24 24 0.6 0.1 0.1 0 0.1 0.5 0.05 0.05 0 0.1 1 1 0.439 1 1 0.125 1 1 0.05
"54" 24 24 0.6 0.1 0.1 0 0.1 0.6 0.05 0.05 0 0.1 1 1 0.374 0.999 1 0.186 1 1 0.049
"55" 24 24 0.6 0.1 0.1 0 0.1 0.7 0.05 0.05 0 0.1 0.999 1 0.308 0.999 1 0.226 0.999 1 0.049
"56" 24 24 0.6 0.1 0.1 0 0.1 0.3 0.1 0.05 0 0.1 0.948 1 0.605 0.99 1 0.061 1 1 0.049
"57" 24 24 0.6 0.1 0.1 0 0.1 0.4 0.1 0.05 0 0.1 0.996 1 0.509 0.996 1 0.078 1 1 0.047
"58" 24 24 0.6 0.1 0.1 0 0.1 0.5 0.1 0.05 0 0.1 1 1 0.495 1 1 0.097 1 1 0.047
"59" 24 24 0.6 0.1 0.1 0 0.1 0.6 0.1 0.05 0 0.1 0.999 1 0.444 0.998 1 0.177 0.998 1 0.054
"60" 24 24 0.6 0.1 0.1 0 0.1 0.7 0.1 0.05 0 0.1 1 1 0.34 1 1 0.263 0.998 1 0.053
"61" 24 24 0.6 0.1 0.1 0 0.1 0.3 0 0.1 0 0.1 0.999 1 0.322 0.999 1 0.075 1 1 0.053
"62" 24 24 0.6 0.1 0.1 0 0.1 0.4 0 0.1 0 0.1 1 1 0.297 1 1 0.131 1 1 0.049
"63" 24 24 0.6 0.1 0.1 0 0.1 0.5 0 0.1 0 0.1 1 1 0.323 0.998 1 0.175 1 1 0.055
"64" 24 24 0.6 0.1 0.1 0 0.1 0.6 0 0.1 0 0.1 1 1 0.298 0.999 1 0.204 1 1 0.045
"65" 24 24 0.6 0.1 0.1 0 0.1 0.7 0 0.1 0 0.1 1 1 0.199 0.999 1 0.243 1 1 0.053
"66" 24 24 0.6 0.1 0.1 0 0.1 0.3 0.025 0.1 0 0.1 0.998 1 0.417 0.999 1 0.06 1 1 0.055
"67" 24 24 0.6 0.1 0.1 0 0.1 0.4 0.025 0.1 0 0.1 1 1 0.45 1 1 0.09 1 1 0.044
"68" 24 24 0.6 0.1 0.1 0 0.1 0.5 0.025 0.1 0 0.1 1 1 0.403 0.997 1 0.133 0.999 1 0.066
"69" 24 24 0.6 0.1 0.1 0 0.1 0.6 0.025 0.1 0 0.1 1 1 0.345 1 1 0.182 1 1 0.034
"70" 24 24 0.6 0.1 0.1 0 0.1 0.7 0.025 0.1 0 0.1 1 1 0.267 1 1 0.261 1 1 0.05
"71" 24 24 0.6 0.1 0.1 0 0.1 0.3 0.05 0.1 0 0.1 0.989 1 0.583 0.996 1 0.053 0.999 1 0.055
"72" 24 24 0.6 0.1 0.1 0 0.1 0.4 0.05 0.1 0 0.1 1 1 0.536 0.999 1 0.074 1 1 0.044
"73" 24 24 0.6 0.1 0.1 0 0.1 0.5 0.05 0.1 0 0.1 1 1 0.506 0.998 1 0.105 1 1 0.052
"74" 24 24 0.6 0.1 0.1 0 0.1 0.6 0.05 0.1 0 0.1 1 1 0.444 1 1 0.17 0.999 1 0.052
"75" 24 24 0.6 0.1 0.1 0 0.1 0.7 0.05 0.1 0 0.1 1 1 0.354 1 1 0.256 1 1 0.039
"76" 24 24 0.6 0.1 0.1 0 0.1 0.3 0.1 0.1 0 0.1 0.962 1 0.834 0.989 1 0.113 0.999 1 0.06
"77" 24 24 0.6 0.1 0.1 0 0.1 0.4 0.1 0.1 0 0.1 0.992 1 0.725 0.992 1 0.059 0.998 1 0.058
"78" 24 24 0.6 0.1 0.1 0 0.1 0.5 0.1 0.1 0 0.1 0.998 1 0.654 0.997 1 0.079 0.999 1 0.048
"79" 24 24 0.6 0.1 0.1 0 0.1 0.6 0.1 0.1 0 0.1 1 1 0.576 0.999 1 0.143 1 1 0.058
"80" 24 24 0.6 0.1 0.1 0 0.1 0.7 0.1 0.1 0 0.1 1 1 0.523 1 1 0.239 1 1 0.063
