"N_s" "N_t" "d_0" "d_1" "d_2" "d_3" "d_SD" "k_0" "k_1" "k_2" "k_3" "k_SD" "S" "B.dp" "W.dp" "BxW.dp" "B.Ap" "W.Ap" "BxW.Ap" "B.Pr" "W.Pr" "BxW.Pr"
"1" 24 24 2 0.25 0.25 0 0.5 -1 0 0 0 0.5 1 0.671 0.994 0.071 0.596 0.973 0.097 0.466 1 0.051
"2" 24 24 2 0.25 0.25 0 0.5 -0.5 0 0 0 0.5 1 0.786 0.998 0.058 0.735 0.999 0.13 0.653 0.999 0.066
"3" 24 24 2 0.25 0.25 0 0.5 0 0 0 0 0.5 1 0.803 1 0.052 0.759 1 0.155 0.728 1 0.077
"4" 24 24 2 0.25 0.25 0 0.5 0.5 0 0 0 0.5 1 0.762 0.999 0.059 0.698 0.999 0.111 0.632 1 0.058
"5" 24 24 2 0.25 0.25 0 0.5 1 0 0 0 0.5 1 0.693 0.995 0.06 0.608 0.984 0.099 0.476 0.996 0.057
"6" 24 24 2 0.25 0.25 0 0.5 -1 0.125 0 0 0.5 1 0.863 0.996 0.048 0.869 0.981 0.068 0.878 0.999 0.053
"7" 24 24 2 0.25 0.25 0 0.5 -0.5 0.125 0 0 0.5 1 0.831 0.997 0.052 0.849 0.999 0.1 0.871 0.998 0.081
"8" 24 24 2 0.25 0.25 0 0.5 0 0.125 0 0 0.5 1 0.778 0.999 0.044 0.739 0.999 0.121 0.723 1 0.072
"9" 24 24 2 0.25 0.25 0 0.5 0.5 0.125 0 0 0.5 1 0.694 0.998 0.069 0.528 0.996 0.154 0.341 0.999 0.081
"10" 24 24 2 0.25 0.25 0 0.5 1 0.125 0 0 0.5 1 0.444 0.997 0.056 0.271 0.989 0.11 0.109 0.999 0.054
"11" 24 24 2 0.25 0.25 0 0.5 -1 0.25 0 0 0.5 1 0.959 0.993 0.05 0.973 0.971 0.066 0.993 1 0.059
"12" 24 24 2 0.25 0.25 0 0.5 -0.5 0.25 0 0 0.5 1 0.886 0.997 0.054 0.94 0.997 0.095 0.974 0.999 0.047
"13" 24 24 2 0.25 0.25 0 0.5 0 0.25 0 0 0.5 1 0.781 0.999 0.047 0.747 1 0.142 0.703 1 0.087
"14" 24 24 2 0.25 0.25 0 0.5 0.5 0.25 0 0 0.5 1 0.592 0.999 0.057 0.319 1 0.143 0.102 1 0.073
"15" 24 24 2 0.25 0.25 0 0.5 1 0.25 0 0 0.5 1 0.204 0.992 0.1 0.076 0.989 0.142 0.084 0.998 0.088
"16" 24 24 2 0.25 0.25 0 0.5 -1 0.5 0 0 0.5 1 0.998 0.991 0.091 1 0.946 0.062 1 1 0.086
"17" 24 24 2 0.25 0.25 0 0.5 -0.5 0.5 0 0 0.5 1 0.959 0.992 0.065 0.993 0.989 0.062 0.999 0.997 0.05
"18" 24 24 2 0.25 0.25 0 0.5 0 0.5 0 0 0.5 1 0.771 1 0.053 0.716 0.995 0.139 0.625 1 0.066
"19" 24 24 2 0.25 0.25 0 0.5 0.5 0.5 0 0 0.5 1 0.335 0.996 0.086 0.079 0.996 0.176 0.11 0.998 0.08
"20" 24 24 2 0.25 0.25 0 0.5 1 0.5 0 0 0.5 1 0.043 0.996 0.172 0.172 0.993 0.195 0.785 0.997 0.143
"21" 24 24 2 0.25 0.25 0 0.5 -1 0 0.125 0 0.5 1 0.666 1 0.047 0.588 1 0.073 0.485 1 0.043
"22" 24 24 2 0.25 0.25 0 0.5 -0.5 0 0.125 0 0.5 1 0.719 0.999 0.048 0.681 1 0.103 0.616 1 0.051
"23" 24 24 2 0.25 0.25 0 0.5 0 0 0.125 0 0.5 1 0.795 0.998 0.054 0.775 1 0.143 0.738 1 0.089
"24" 24 24 2 0.25 0.25 0 0.5 0.5 0 0.125 0 0.5 1 0.781 0.994 0.059 0.726 0.973 0.145 0.651 0.883 0.067
"25" 24 24 2 0.25 0.25 0 0.5 1 0 0.125 0 0.5 1 0.711 0.912 0.067 0.621 0.748 0.118 0.499 0.424 0.076
"26" 24 24 2 0.25 0.25 0 0.5 -1 0.125 0.125 0 0.5 1 0.858 1 0.048 0.863 0.999 0.082 0.874 1 0.062
"27" 24 24 2 0.25 0.25 0 0.5 -0.5 0.125 0.125 0 0.5 1 0.833 1 0.045 0.87 0.998 0.129 0.882 1 0.097
"28" 24 24 2 0.25 0.25 0 0.5 0 0.125 0.125 0 0.5 1 0.776 0.999 0.063 0.755 0.998 0.213 0.733 0.999 0.172
"29" 24 24 2 0.25 0.25 0 0.5 0.5 0.125 0.125 0 0.5 1 0.685 0.992 0.081 0.508 0.971 0.202 0.327 0.899 0.155
"30" 24 24 2 0.25 0.25 0 0.5 1 0.125 0.125 0 0.5 1 0.439 0.92 0.135 0.275 0.761 0.184 0.11 0.451 0.102
"31" 24 24 2 0.25 0.25 0 0.5 -1 0.25 0.125 0 0.5 1 0.96 1 0.059 0.978 0.999 0.093 0.994 1 0.053
"32" 24 24 2 0.25 0.25 0 0.5 -0.5 0.25 0.125 0 0.5 1 0.879 1 0.047 0.942 0.999 0.135 0.969 1 0.132
"33" 24 24 2 0.25 0.25 0 0.5 0 0.25 0.125 0 0.5 1 0.768 0.997 0.065 0.733 0.999 0.257 0.696 1 0.284
"34" 24 24 2 0.25 0.25 0 0.5 0.5 0.25 0.125 0 0.5 1 0.55 0.989 0.112 0.304 0.972 0.276 0.097 0.909 0.24
"35" 24 24 2 0.25 0.25 0 0.5 1 0.25 0.125 0 0.5 1 0.198 0.917 0.185 0.072 0.778 0.199 0.087 0.478 0.14
"36" 24 24 2 0.25 0.25 0 0.5 -1 0.5 0.125 0 0.5 1 0.999 1 0.053 0.999 0.995 0.098 1 1 0.052
"37" 24 24 2 0.25 0.25 0 0.5 -0.5 0.5 0.125 0 0.5 1 0.956 0.999 0.06 0.995 0.998 0.221 1 1 0.311
"38" 24 24 2 0.25 0.25 0 0.5 0 0.5 0.125 0 0.5 1 0.745 0.997 0.072 0.701 0.998 0.405 0.636 0.999 0.582
"39" 24 24 2 0.25 0.25 0 0.5 0.5 0.5 0.125 0 0.5 1 0.335 0.988 0.253 0.072 0.977 0.508 0.132 0.942 0.566
"40" 24 24 2 0.25 0.25 0 0.5 1 0.5 0.125 0 0.5 1 0.062 0.923 0.441 0.182 0.785 0.385 0.791 0.593 0.383
"41" 24 24 2 0.25 0.25 0 0.5 -1 0 0.25 0 0.5 1 0.668 1 0.059 0.607 1 0.056 0.493 1 0.047
"42" 24 24 2 0.25 0.25 0 0.5 -0.5 0 0.25 0 0.5 1 0.773 1 0.059 0.721 1 0.104 0.643 1 0.064
"43" 24 24 2 0.25 0.25 0 0.5 0 0 0.25 0 0.5 1 0.781 1 0.044 0.766 0.999 0.139 0.747 0.997 0.077
"44" 24 24 2 0.25 0.25 0 0.5 0.5 0 0.25 0 0.5 1 0.763 0.961 0.066 0.703 0.793 0.151 0.634 0.278 0.076
"45" 24 24 2 0.25 0.25 0 0.5 1 0 0.25 0 0.5 1 0.678 0.543 0.081 0.615 0.139 0.115 0.485 0.229 0.059
"46" 24 24 2 0.25 0.25 0 0.5 -1 0.125 0.25 0 0.5 1 0.866 1 0.058 0.866 1 0.09 0.88 1 0.062
"47" 24 24 2 0.25 0.25 0 0.5 -0.5 0.125 0.25 0 0.5 1 0.831 1 0.042 0.854 1 0.165 0.884 1 0.153
"48" 24 24 2 0.25 0.25 0 0.5 0 0.125 0.25 0 0.5 1 0.789 0.997 0.068 0.761 0.994 0.24 0.732 0.994 0.221
"49" 24 24 2 0.25 0.25 0 0.5 0.5 0.125 0.25 0 0.5 1 0.658 0.947 0.109 0.507 0.743 0.3 0.33 0.265 0.249
"50" 24 24 2 0.25 0.25 0 0.5 1 0.125 0.25 0 0.5 1 0.43 0.548 0.189 0.272 0.174 0.224 0.116 0.212 0.143
"51" 24 24 2 0.25 0.25 0 0.5 -1 0.25 0.25 0 0.5 1 0.953 1 0.052 0.965 1 0.099 0.994 1 0.055
"52" 24 24 2 0.25 0.25 0 0.5 -0.5 0.25 0.25 0 0.5 1 0.872 1 0.047 0.921 1 0.242 0.963 1 0.321
"53" 24 24 2 0.25 0.25 0 0.5 0 0.25 0.25 0 0.5 1 0.75 0.997 0.078 0.713 0.999 0.411 0.685 0.996 0.556
"54" 24 24 2 0.25 0.25 0 0.5 0.5 0.25 0.25 0 0.5 1 0.546 0.961 0.201 0.3 0.794 0.466 0.111 0.31 0.498
"55" 24 24 2 0.25 0.25 0 0.5 1 0.25 0.25 0 0.5 1 0.189 0.53 0.341 0.079 0.18 0.336 0.053 0.159 0.272
"56" 24 24 2 0.25 0.25 0 0.5 -1 0.5 0.25 0 0.5 1 0.999 1 0.087 1 1 0.201 1 1 0.075
"57" 24 24 2 0.25 0.25 0 0.5 -0.5 0.5 0.25 0 0.5 1 0.947 1 0.102 0.985 1 0.455 0.999 1 0.738
"58" 24 24 2 0.25 0.25 0 0.5 0 0.5 0.25 0 0.5 1 0.705 0.996 0.171 0.673 0.995 0.733 0.617 0.993 0.96
"59" 24 24 2 0.25 0.25 0 0.5 0.5 0.5 0.25 0 0.5 1 0.304 0.909 0.46 0.078 0.821 0.771 0.11 0.458 0.919
"60" 24 24 2 0.25 0.25 0 0.5 1 0.5 0.25 0 0.5 1 0.054 0.526 0.744 0.181 0.224 0.605 0.766 0.072 0.654
"61" 24 24 2 0.25 0.25 0 0.5 -1 0 0.5 0 0.5 1 0.68 1 0.089 0.554 1 0.051 0.505 1 0.065
"62" 24 24 2 0.25 0.25 0 0.5 -0.5 0 0.5 0 0.5 1 0.754 1 0.08 0.702 1 0.069 0.677 1 0.063
"63" 24 24 2 0.25 0.25 0 0.5 0 0 0.5 0 0.5 1 0.772 0.997 0.065 0.741 0.99 0.122 0.735 0.93 0.059
"64" 24 24 2 0.25 0.25 0 0.5 0.5 0 0.5 0 0.5 1 0.788 0.721 0.088 0.747 0.123 0.133 0.692 0.28 0.084
"65" 24 24 2 0.25 0.25 0 0.5 1 0 0.5 0 0.5 1 0.694 0.062 0.115 0.623 0.416 0.147 0.543 1 0.092
"66" 24 24 2 0.25 0.25 0 0.5 -1 0.125 0.5 0 0.5 1 0.863 1 0.049 0.822 1 0.085 0.877 1 0.043
"67" 24 24 2 0.25 0.25 0 0.5 -0.5 0.125 0.5 0 0.5 1 0.822 1 0.064 0.823 1 0.189 0.89 1 0.196
"68" 24 24 2 0.25 0.25 0 0.5 0 0.125 0.5 0 0.5 1 0.746 0.998 0.069 0.74 0.987 0.323 0.744 0.928 0.322
"69" 24 24 2 0.25 0.25 0 0.5 0.5 0.125 0.5 0 0.5 1 0.627 0.715 0.199 0.541 0.13 0.376 0.39 0.272 0.328
"70" 24 24 2 0.25 0.25 0 0.5 1 0.125 0.5 0 0.5 1 0.441 0.053 0.352 0.296 0.407 0.315 0.155 0.999 0.276
"71" 24 24 2 0.25 0.25 0 0.5 -1 0.25 0.5 0 0.5 1 0.958 1 0.097 0.959 1 0.197 0.994 1 0.075
"72" 24 24 2 0.25 0.25 0 0.5 -0.5 0.25 0.5 0 0.5 1 0.913 1 0.092 0.941 1 0.436 0.978 1 0.551
"73" 24 24 2 0.25 0.25 0 0.5 0 0.25 0.5 0 0.5 1 0.727 0.987 0.15 0.717 0.988 0.635 0.713 0.936 0.781
"74" 24 24 2 0.25 0.25 0 0.5 0.5 0.25 0.5 0 0.5 1 0.504 0.621 0.435 0.356 0.116 0.708 0.156 0.248 0.778
"75" 24 24 2 0.25 0.25 0 0.5 1 0.25 0.5 0 0.5 1 0.205 0.062 0.643 0.096 0.369 0.568 0.056 0.998 0.566
"76" 24 24 2 0.25 0.25 0 0.5 -1 0.5 0.5 0 0.5 1 0.999 1 0.339 1 1 0.553 1 1 0.232
"77" 24 24 2 0.25 0.25 0 0.5 -0.5 0.5 0.5 0 0.5 1 0.957 1 0.31 0.981 1 0.848 0.999 1 0.981
"78" 24 24 2 0.25 0.25 0 0.5 0 0.5 0.5 0 0.5 1 0.679 0.976 0.473 0.664 0.968 0.967 0.632 0.926 0.999
"79" 24 24 2 0.25 0.25 0 0.5 0.5 0.5 0.5 0 0.5 1 0.205 0.484 0.802 0.081 0.18 0.956 0.064 0.097 0.999
"80" 24 24 2 0.25 0.25 0 0.5 1 0.5 0.5 0 0.5 1 0.044 0.068 0.964 0.106 0.26 0.885 0.587 0.984 0.914
