"N_s" "N_t" "Pr_0" "Pr_1" "Pr_2" "Pr_3" "Pr_SD" "Br_0" "Br_1" "Br_2" "Br_3" "Br_SD" "B.dp" "W.dp" "BxW.dp" "B.Ap" "W.Ap" "BxW.Ap" "B.Pr" "W.Pr" "BxW.Pr"
"1" 24 24 0.6 0 0 0 0.1 0.3 0 0 0 0.1 0.054 0.053 0.061 0.051 0.048 0.051 0.055 0.053 0.046
"2" 24 24 0.6 0 0 0 0.1 0.4 0 0 0 0.1 0.06 0.043 0.051 0.046 0.047 0.053 0.051 0.044 0.05
"3" 24 24 0.6 0 0 0 0.1 0.5 0 0 0 0.1 0.05 0.039 0.051 0.047 0.048 0.053 0.052 0.047 0.058
"4" 24 24 0.6 0 0 0 0.1 0.6 0 0 0 0.1 0.051 0.052 0.045 0.044 0.062 0.048 0.052 0.061 0.05
"5" 24 24 0.6 0 0 0 0.1 0.7 0 0 0 0.1 0.053 0.062 0.049 0.05 0.059 0.048 0.043 0.059 0.057
"6" 24 24 0.6 0 0 0 0.1 0.3 0.025 0 0 0.1 0.051 0.047 0.053 0.039 0.051 0.047 0.043 0.051 0.042
"7" 24 24 0.6 0 0 0 0.1 0.4 0.025 0 0 0.1 0.044 0.042 0.049 0.041 0.042 0.052 0.034 0.048 0.051
"8" 24 24 0.6 0 0 0 0.1 0.5 0.025 0 0 0.1 0.044 0.039 0.051 0.04 0.043 0.053 0.046 0.048 0.047
"9" 24 24 0.6 0 0 0 0.1 0.6 0.025 0 0 0.1 0.054 0.045 0.042 0.059 0.037 0.044 0.07 0.04 0.041
"10" 24 24 0.6 0 0 0 0.1 0.7 0.025 0 0 0.1 0.06 0.048 0.055 0.045 0.05 0.048 0.043 0.047 0.042
"11" 24 24 0.6 0 0 0 0.1 0.3 0.05 0 0 0.1 0.114 0.045 0.046 0.061 0.049 0.046 0.055 0.046 0.044
"12" 24 24 0.6 0 0 0 0.1 0.4 0.05 0 0 0.1 0.049 0.048 0.04 0.04 0.045 0.046 0.037 0.052 0.046
"13" 24 24 0.6 0 0 0 0.1 0.5 0.05 0 0 0.1 0.053 0.049 0.042 0.055 0.045 0.042 0.051 0.043 0.049
"14" 24 24 0.6 0 0 0 0.1 0.6 0.05 0 0 0.1 0.063 0.045 0.047 0.057 0.046 0.045 0.052 0.048 0.057
"15" 24 24 0.6 0 0 0 0.1 0.7 0.05 0 0 0.1 0.099 0.056 0.05 0.059 0.045 0.056 0.044 0.05 0.049
"16" 24 24 0.6 0 0 0 0.1 0.3 0.1 0 0 0.1 0.264 0.044 0.056 0.096 0.04 0.061 0.042 0.051 0.061
"17" 24 24 0.6 0 0 0 0.1 0.4 0.1 0 0 0.1 0.091 0.054 0.053 0.051 0.051 0.047 0.043 0.053 0.048
"18" 24 24 0.6 0 0 0 0.1 0.5 0.1 0 0 0.1 0.056 0.055 0.058 0.048 0.053 0.054 0.047 0.051 0.059
"19" 24 24 0.6 0 0 0 0.1 0.6 0.1 0 0 0.1 0.103 0.04 0.041 0.061 0.037 0.043 0.047 0.034 0.043
"20" 24 24 0.6 0 0 0 0.1 0.7 0.1 0 0 0.1 0.28 0.063 0.058 0.08 0.054 0.057 0.053 0.057 0.061
"21" 24 24 0.6 0 0 0 0.1 0.3 0 0.025 0 0.1 0.036 0.075 0.046 0.046 0.054 0.048 0.044 0.057 0.056
"22" 24 24 0.6 0 0 0 0.1 0.4 0 0.025 0 0.1 0.045 0.067 0.044 0.043 0.048 0.032 0.041 0.048 0.039
"23" 24 24 0.6 0 0 0 0.1 0.5 0 0.025 0 0.1 0.052 0.045 0.039 0.052 0.043 0.051 0.052 0.048 0.042
"24" 24 24 0.6 0 0 0 0.1 0.6 0 0.025 0 0.1 0.048 0.052 0.048 0.04 0.053 0.055 0.039 0.048 0.052
"25" 24 24 0.6 0 0 0 0.1 0.7 0 0.025 0 0.1 0.058 0.082 0.049 0.062 0.061 0.046 0.054 0.056 0.047
"26" 24 24 0.6 0 0 0 0.1 0.3 0.025 0.025 0 0.1 0.058 0.074 0.063 0.053 0.048 0.059 0.049 0.036 0.063
"27" 24 24 0.6 0 0 0 0.1 0.4 0.025 0.025 0 0.1 0.054 0.048 0.061 0.059 0.04 0.046 0.055 0.039 0.05
"28" 24 24 0.6 0 0 0 0.1 0.5 0.025 0.025 0 0.1 0.054 0.049 0.046 0.053 0.044 0.05 0.056 0.049 0.044
"29" 24 24 0.6 0 0 0 0.1 0.6 0.025 0.025 0 0.1 0.065 0.061 0.056 0.058 0.048 0.064 0.059 0.052 0.058
"30" 24 24 0.6 0 0 0 0.1 0.7 0.025 0.025 0 0.1 0.067 0.08 0.041 0.05 0.052 0.047 0.042 0.053 0.05
"31" 24 24 0.6 0 0 0 0.1 0.3 0.05 0.025 0 0.1 0.124 0.087 0.058 0.07 0.056 0.051 0.054 0.04 0.049
"32" 24 24 0.6 0 0 0 0.1 0.4 0.05 0.025 0 0.1 0.059 0.063 0.064 0.055 0.064 0.062 0.048 0.059 0.057
"33" 24 24 0.6 0 0 0 0.1 0.5 0.05 0.025 0 0.1 0.04 0.04 0.05 0.042 0.042 0.049 0.042 0.048 0.051
"34" 24 24 0.6 0 0 0 0.1 0.6 0.05 0.025 0 0.1 0.059 0.052 0.055 0.042 0.047 0.048 0.037 0.05 0.051
"35" 24 24 0.6 0 0 0 0.1 0.7 0.05 0.025 0 0.1 0.12 0.083 0.051 0.066 0.056 0.047 0.054 0.057 0.041
"36" 24 24 0.6 0 0 0 0.1 0.3 0.1 0.025 0 0.1 0.251 0.096 0.043 0.085 0.058 0.038 0.054 0.059 0.039
"37" 24 24 0.6 0 0 0 0.1 0.4 0.1 0.025 0 0.1 0.107 0.049 0.049 0.066 0.047 0.056 0.049 0.044 0.053
"38" 24 24 0.6 0 0 0 0.1 0.5 0.1 0.025 0 0.1 0.061 0.038 0.047 0.056 0.044 0.044 0.059 0.05 0.048
"39" 24 24 0.6 0 0 0 0.1 0.6 0.1 0.025 0 0.1 0.1 0.066 0.059 0.061 0.055 0.048 0.052 0.052 0.054
"40" 24 24 0.6 0 0 0 0.1 0.7 0.1 0.025 0 0.1 0.259 0.081 0.05 0.082 0.048 0.054 0.051 0.037 0.055
"41" 24 24 0.6 0 0 0 0.1 0.3 0 0.05 0 0.1 0.038 0.175 0.041 0.045 0.063 0.044 0.046 0.047 0.047
"42" 24 24 0.6 0 0 0 0.1 0.4 0 0.05 0 0.1 0.038 0.076 0.053 0.039 0.056 0.059 0.039 0.052 0.06
"43" 24 24 0.6 0 0 0 0.1 0.5 0 0.05 0 0.1 0.059 0.035 0.05 0.047 0.048 0.051 0.049 0.046 0.049
"44" 24 24 0.6 0 0 0 0.1 0.6 0 0.05 0 0.1 0.043 0.077 0.042 0.044 0.054 0.047 0.042 0.049 0.046
"45" 24 24 0.6 0 0 0 0.1 0.7 0 0.05 0 0.1 0.042 0.175 0.055 0.043 0.081 0.047 0.045 0.057 0.051
"46" 24 24 0.6 0 0 0 0.1 0.3 0.025 0.05 0 0.1 0.059 0.18 0.052 0.047 0.075 0.047 0.051 0.047 0.053
"47" 24 24 0.6 0 0 0 0.1 0.4 0.025 0.05 0 0.1 0.04 0.071 0.047 0.04 0.045 0.053 0.036 0.032 0.052
"48" 24 24 0.6 0 0 0 0.1 0.5 0.025 0.05 0 0.1 0.045 0.059 0.041 0.044 0.054 0.045 0.043 0.06 0.047
"49" 24 24 0.6 0 0 0 0.1 0.6 0.025 0.05 0 0.1 0.049 0.078 0.045 0.052 0.048 0.05 0.048 0.047 0.05
"50" 24 24 0.6 0 0 0 0.1 0.7 0.025 0.05 0 0.1 0.057 0.177 0.041 0.05 0.074 0.047 0.048 0.051 0.047
"51" 24 24 0.6 0 0 0 0.1 0.3 0.05 0.05 0 0.1 0.104 0.179 0.062 0.065 0.075 0.044 0.061 0.043 0.043
"52" 24 24 0.6 0 0 0 0.1 0.4 0.05 0.05 0 0.1 0.06 0.073 0.062 0.055 0.063 0.06 0.06 0.058 0.053
"53" 24 24 0.6 0 0 0 0.1 0.5 0.05 0.05 0 0.1 0.042 0.032 0.064 0.046 0.037 0.046 0.047 0.045 0.043
"54" 24 24 0.6 0 0 0 0.1 0.6 0.05 0.05 0 0.1 0.062 0.072 0.061 0.046 0.04 0.053 0.05 0.033 0.049
"55" 24 24 0.6 0 0 0 0.1 0.7 0.05 0.05 0 0.1 0.11 0.165 0.059 0.062 0.077 0.056 0.053 0.058 0.051
"56" 24 24 0.6 0 0 0 0.1 0.3 0.1 0.05 0 0.1 0.301 0.215 0.103 0.1 0.071 0.067 0.053 0.048 0.052
"57" 24 24 0.6 0 0 0 0.1 0.4 0.1 0.05 0 0.1 0.088 0.072 0.08 0.057 0.061 0.051 0.046 0.049 0.052
"58" 24 24 0.6 0 0 0 0.1 0.5 0.1 0.05 0 0.1 0.046 0.056 0.073 0.046 0.053 0.05 0.046 0.056 0.045
"59" 24 24 0.6 0 0 0 0.1 0.6 0.1 0.05 0 0.1 0.102 0.074 0.09 0.061 0.054 0.071 0.051 0.051 0.051
"60" 24 24 0.6 0 0 0 0.1 0.7 0.1 0.05 0 0.1 0.274 0.2 0.096 0.09 0.076 0.047 0.052 0.052 0.04
"61" 24 24 0.6 0 0 0 0.1 0.3 0 0.1 0 0.1 0.053 0.564 0.061 0.046 0.158 0.048 0.046 0.047 0.049
"62" 24 24 0.6 0 0 0 0.1 0.4 0 0.1 0 0.1 0.051 0.166 0.034 0.047 0.064 0.042 0.052 0.045 0.037
"63" 24 24 0.6 0 0 0 0.1 0.5 0 0.1 0 0.1 0.049 0.055 0.064 0.048 0.053 0.059 0.055 0.054 0.052
"64" 24 24 0.6 0 0 0 0.1 0.6 0 0.1 0 0.1 0.046 0.165 0.06 0.042 0.069 0.065 0.044 0.039 0.062
"65" 24 24 0.6 0 0 0 0.1 0.7 0 0.1 0 0.1 0.044 0.56 0.052 0.05 0.123 0.054 0.041 0.037 0.052
"66" 24 24 0.6 0 0 0 0.1 0.3 0.025 0.1 0 0.1 0.074 0.569 0.052 0.053 0.151 0.052 0.05 0.048 0.04
"67" 24 24 0.6 0 0 0 0.1 0.4 0.025 0.1 0 0.1 0.065 0.159 0.053 0.068 0.073 0.055 0.062 0.049 0.045
"68" 24 24 0.6 0 0 0 0.1 0.5 0.025 0.1 0 0.1 0.066 0.051 0.06 0.059 0.039 0.048 0.062 0.046 0.051
"69" 24 24 0.6 0 0 0 0.1 0.6 0.025 0.1 0 0.1 0.056 0.143 0.059 0.051 0.074 0.052 0.049 0.044 0.049
"70" 24 24 0.6 0 0 0 0.1 0.7 0.025 0.1 0 0.1 0.057 0.579 0.063 0.046 0.17 0.049 0.046 0.053 0.056
"71" 24 24 0.6 0 0 0 0.1 0.3 0.05 0.1 0 0.1 0.113 0.571 0.103 0.058 0.149 0.052 0.057 0.063 0.042
"72" 24 24 0.6 0 0 0 0.1 0.4 0.05 0.1 0 0.1 0.061 0.147 0.081 0.045 0.068 0.052 0.043 0.04 0.05
"73" 24 24 0.6 0 0 0 0.1 0.5 0.05 0.1 0 0.1 0.05 0.041 0.075 0.047 0.039 0.048 0.049 0.039 0.042
"74" 24 24 0.6 0 0 0 0.1 0.6 0.05 0.1 0 0.1 0.08 0.158 0.087 0.059 0.075 0.054 0.048 0.041 0.049
"75" 24 24 0.6 0 0 0 0.1 0.7 0.05 0.1 0 0.1 0.127 0.539 0.092 0.071 0.15 0.053 0.059 0.056 0.037
"76" 24 24 0.6 0 0 0 0.1 0.3 0.1 0.1 0 0.1 0.277 0.579 0.231 0.095 0.145 0.087 0.057 0.05 0.053
"77" 24 24 0.6 0 0 0 0.1 0.4 0.1 0.1 0 0.1 0.105 0.179 0.183 0.063 0.073 0.08 0.048 0.044 0.053
"78" 24 24 0.6 0 0 0 0.1 0.5 0.1 0.1 0 0.1 0.051 0.047 0.146 0.053 0.05 0.064 0.047 0.056 0.049
"79" 24 24 0.6 0 0 0 0.1 0.6 0.1 0.1 0 0.1 0.107 0.164 0.19 0.052 0.066 0.082 0.046 0.049 0.047
"80" 24 24 0.6 0 0 0 0.1 0.7 0.1 0.1 0 0.1 0.292 0.589 0.189 0.095 0.143 0.061 0.047 0.038 0.044
