"N_s" "N_t" "d_0" "d_1" "d_2" "d_3" "d_SD" "k_0" "k_1" "k_2" "k_3" "k_SD" "S" "B.dp" "W.dp" "BxW.dp" "B.Ap" "W.Ap" "BxW.Ap" "B.Pr" "W.Pr" "BxW.Pr"
"1" 24 24 2 0 0 0 0.5 -1 0 0 0 0.5 1 0.048 0.045 0.046 0.043 0.039 0.037 0.05 0.045 0.051
"2" 24 24 2 0 0 0 0.5 -0.5 0 0 0 0.5 1 0.055 0.039 0.06 0.055 0.036 0.054 0.046 0.041 0.056
"3" 24 24 2 0 0 0 0.5 0 0 0 0 0.5 1 0.048 0.043 0.054 0.043 0.044 0.05 0.049 0.043 0.045
"4" 24 24 2 0 0 0 0.5 0.5 0 0 0 0.5 1 0.048 0.056 0.05 0.037 0.046 0.047 0.044 0.054 0.051
"5" 24 24 2 0 0 0 0.5 1 0 0 0 0.5 1 0.041 0.049 0.054 0.046 0.046 0.052 0.044 0.052 0.048
"6" 24 24 2 0 0 0 0.5 -1 0.125 0 0 0.5 1 0.091 0.046 0.046 0.144 0.043 0.041 0.216 0.043 0.058
"7" 24 24 2 0 0 0 0.5 -0.5 0.125 0 0 0.5 1 0.057 0.056 0.051 0.083 0.054 0.054 0.141 0.053 0.058
"8" 24 24 2 0 0 0 0.5 0 0.125 0 0 0.5 1 0.048 0.047 0.052 0.041 0.05 0.053 0.046 0.054 0.057
"9" 24 24 2 0 0 0 0.5 0.5 0.125 0 0 0.5 1 0.068 0.054 0.054 0.085 0.058 0.056 0.13 0.053 0.062
"10" 24 24 2 0 0 0 0.5 1 0.125 0 0 0.5 1 0.102 0.044 0.054 0.151 0.048 0.052 0.218 0.039 0.049
"11" 24 24 2 0 0 0 0.5 -1 0.25 0 0 0.5 1 0.253 0.049 0.05 0.432 0.041 0.043 0.684 0.05 0.052
"12" 24 24 2 0 0 0 0.5 -0.5 0.25 0 0 0.5 1 0.079 0.055 0.047 0.18 0.046 0.051 0.356 0.05 0.046
"13" 24 24 2 0 0 0 0.5 0 0.25 0 0 0.5 1 0.043 0.052 0.046 0.045 0.045 0.05 0.047 0.051 0.043
"14" 24 24 2 0 0 0 0.5 0.5 0.25 0 0 0.5 1 0.087 0.054 0.047 0.205 0.051 0.043 0.402 0.058 0.045
"15" 24 24 2 0 0 0 0.5 1 0.25 0 0 0.5 1 0.249 0.041 0.052 0.441 0.039 0.053 0.699 0.039 0.05
"16" 24 24 2 0 0 0 0.5 -1 0.5 0 0 0.5 1 0.699 0.046 0.047 0.929 0.048 0.04 0.996 0.047 0.043
"17" 24 24 2 0 0 0 0.5 -0.5 0.5 0 0 0.5 1 0.174 0.063 0.066 0.531 0.056 0.052 0.882 0.052 0.055
"18" 24 24 2 0 0 0 0.5 0 0.5 0 0 0.5 1 0.047 0.048 0.05 0.04 0.036 0.054 0.044 0.048 0.061
"19" 24 24 2 0 0 0 0.5 0.5 0.5 0 0 0.5 1 0.184 0.049 0.052 0.534 0.047 0.041 0.861 0.047 0.04
"20" 24 24 2 0 0 0 0.5 1 0.5 0 0 0.5 1 0.684 0.043 0.052 0.925 0.039 0.044 0.997 0.046 0.045
"21" 24 24 2 0 0 0 0.5 -1 0 0.125 0 0.5 1 0.048 0.224 0.047 0.047 0.416 0.05 0.054 0.886 0.05
"22" 24 24 2 0 0 0 0.5 -0.5 0 0.125 0 0.5 1 0.052 0.065 0.059 0.056 0.178 0.06 0.055 0.454 0.069
"23" 24 24 2 0 0 0 0.5 0 0 0.125 0 0.5 1 0.051 0.056 0.042 0.054 0.048 0.059 0.057 0.049 0.05
"24" 24 24 2 0 0 0 0.5 0.5 0 0.125 0 0.5 1 0.043 0.079 0.049 0.045 0.175 0.047 0.049 0.437 0.039
"25" 24 24 2 0 0 0 0.5 1 0 0.125 0 0.5 1 0.041 0.23 0.045 0.044 0.436 0.037 0.039 0.896 0.049
"26" 24 24 2 0 0 0 0.5 -1 0.125 0.125 0 0.5 1 0.091 0.201 0.05 0.135 0.412 0.057 0.226 0.882 0.056
"27" 24 24 2 0 0 0 0.5 -0.5 0.125 0.125 0 0.5 1 0.058 0.066 0.051 0.098 0.194 0.053 0.143 0.436 0.065
"28" 24 24 2 0 0 0 0.5 0 0.125 0.125 0 0.5 1 0.053 0.051 0.057 0.042 0.046 0.049 0.049 0.049 0.065
"29" 24 24 2 0 0 0 0.5 0.5 0.125 0.125 0 0.5 1 0.066 0.079 0.051 0.086 0.171 0.054 0.141 0.445 0.069
"30" 24 24 2 0 0 0 0.5 1 0.125 0.125 0 0.5 1 0.091 0.213 0.065 0.144 0.431 0.051 0.217 0.877 0.06
"31" 24 24 2 0 0 0 0.5 -1 0.25 0.125 0 0.5 1 0.218 0.209 0.07 0.414 0.414 0.053 0.661 0.864 0.062
"32" 24 24 2 0 0 0 0.5 -0.5 0.25 0.125 0 0.5 1 0.068 0.08 0.053 0.175 0.184 0.073 0.37 0.432 0.127
"33" 24 24 2 0 0 0 0.5 0 0.25 0.125 0 0.5 1 0.056 0.043 0.053 0.052 0.048 0.102 0.057 0.051 0.181
"34" 24 24 2 0 0 0 0.5 0.5 0.25 0.125 0 0.5 1 0.087 0.069 0.058 0.201 0.177 0.078 0.386 0.443 0.124
"35" 24 24 2 0 0 0 0.5 1 0.25 0.125 0 0.5 1 0.241 0.225 0.044 0.436 0.412 0.047 0.7 0.869 0.062
"36" 24 24 2 0 0 0 0.5 -1 0.5 0.125 0 0.5 1 0.697 0.229 0.104 0.91 0.334 0.086 0.996 0.737 0.107
"37" 24 24 2 0 0 0 0.5 -0.5 0.5 0.125 0 0.5 1 0.193 0.092 0.076 0.548 0.135 0.14 0.869 0.341 0.332
"38" 24 24 2 0 0 0 0.5 0 0.5 0.125 0 0.5 1 0.044 0.048 0.073 0.054 0.056 0.199 0.06 0.054 0.495
"39" 24 24 2 0 0 0 0.5 0.5 0.5 0.125 0 0.5 1 0.16 0.085 0.098 0.518 0.152 0.146 0.866 0.345 0.328
"40" 24 24 2 0 0 0 0.5 1 0.5 0.125 0 0.5 1 0.708 0.217 0.113 0.909 0.33 0.083 0.999 0.752 0.119
"41" 24 24 2 0 0 0 0.5 -1 0 0.25 0 0.5 1 0.04 0.597 0.044 0.037 0.907 0.037 0.033 1 0.042
"42" 24 24 2 0 0 0 0.5 -0.5 0 0.25 0 0.5 1 0.048 0.15 0.047 0.041 0.547 0.04 0.057 0.915 0.048
"43" 24 24 2 0 0 0 0.5 0 0 0.25 0 0.5 1 0.054 0.055 0.05 0.043 0.044 0.052 0.044 0.046 0.06
"44" 24 24 2 0 0 0 0.5 0.5 0 0.25 0 0.5 1 0.045 0.116 0.053 0.04 0.506 0.052 0.034 0.913 0.063
"45" 24 24 2 0 0 0 0.5 1 0 0.25 0 0.5 1 0.044 0.609 0.046 0.049 0.912 0.046 0.044 1 0.048
"46" 24 24 2 0 0 0 0.5 -1 0.125 0.25 0 0.5 1 0.101 0.619 0.062 0.15 0.891 0.051 0.229 1 0.062
"47" 24 24 2 0 0 0 0.5 -0.5 0.125 0.25 0 0.5 1 0.071 0.147 0.071 0.086 0.501 0.083 0.127 0.931 0.105
"48" 24 24 2 0 0 0 0.5 0 0.125 0.25 0 0.5 1 0.037 0.051 0.063 0.045 0.053 0.082 0.039 0.055 0.137
"49" 24 24 2 0 0 0 0.5 0.5 0.125 0.25 0 0.5 1 0.051 0.154 0.062 0.076 0.514 0.071 0.116 0.9 0.108
"50" 24 24 2 0 0 0 0.5 1 0.125 0.25 0 0.5 1 0.087 0.641 0.074 0.145 0.912 0.053 0.212 1 0.064
"51" 24 24 2 0 0 0 0.5 -1 0.25 0.25 0 0.5 1 0.263 0.625 0.127 0.417 0.899 0.092 0.667 1 0.128
"52" 24 24 2 0 0 0 0.5 -0.5 0.25 0.25 0 0.5 1 0.082 0.137 0.102 0.18 0.464 0.161 0.376 0.9 0.337
"53" 24 24 2 0 0 0 0.5 0 0.25 0.25 0 0.5 1 0.046 0.05 0.064 0.049 0.057 0.159 0.05 0.054 0.403
"54" 24 24 2 0 0 0 0.5 0.5 0.25 0.25 0 0.5 1 0.078 0.139 0.083 0.186 0.476 0.152 0.365 0.896 0.295
"55" 24 24 2 0 0 0 0.5 1 0.25 0.25 0 0.5 1 0.231 0.635 0.131 0.4 0.89 0.088 0.659 1 0.105
"56" 24 24 2 0 0 0 0.5 -1 0.5 0.25 0 0.5 1 0.696 0.634 0.268 0.905 0.811 0.179 0.997 0.999 0.244
"57" 24 24 2 0 0 0 0.5 -0.5 0.5 0.25 0 0.5 1 0.184 0.189 0.191 0.526 0.379 0.401 0.845 0.793 0.788
"58" 24 24 2 0 0 0 0.5 0 0.5 0.25 0 0.5 1 0.034 0.053 0.131 0.043 0.04 0.535 0.048 0.047 0.924
"59" 24 24 2 0 0 0 0.5 0.5 0.5 0.25 0 0.5 1 0.19 0.179 0.188 0.497 0.376 0.389 0.856 0.782 0.803
"60" 24 24 2 0 0 0 0.5 1 0.5 0.25 0 0.5 1 0.735 0.67 0.301 0.899 0.839 0.177 0.998 0.998 0.238
"61" 24 24 2 0 0 0 0.5 -1 0 0.5 0 0.5 1 0.049 0.985 0.051 0.045 1 0.042 0.04 1 0.047
"62" 24 24 2 0 0 0 0.5 -0.5 0 0.5 0 0.5 1 0.054 0.424 0.034 0.048 0.924 0.042 0.048 1 0.054
"63" 24 24 2 0 0 0 0.5 0 0 0.5 0 0.5 1 0.04 0.065 0.048 0.041 0.061 0.053 0.049 0.055 0.054
"64" 24 24 2 0 0 0 0.5 0.5 0 0.5 0 0.5 1 0.052 0.399 0.043 0.05 0.915 0.038 0.054 0.998 0.044
"65" 24 24 2 0 0 0 0.5 1 0 0.5 0 0.5 1 0.042 0.982 0.048 0.047 1 0.042 0.041 1 0.046
"66" 24 24 2 0 0 0 0.5 -1 0.125 0.5 0 0.5 1 0.106 0.988 0.106 0.126 1 0.081 0.207 1 0.097
"67" 24 24 2 0 0 0 0.5 -0.5 0.125 0.5 0 0.5 1 0.066 0.428 0.075 0.073 0.921 0.115 0.106 0.997 0.178
"68" 24 24 2 0 0 0 0.5 0 0.125 0.5 0 0.5 1 0.047 0.047 0.066 0.044 0.046 0.149 0.045 0.047 0.256
"69" 24 24 2 0 0 0 0.5 0.5 0.125 0.5 0 0.5 1 0.057 0.423 0.086 0.068 0.919 0.135 0.112 0.999 0.21
"70" 24 24 2 0 0 0 0.5 1 0.125 0.5 0 0.5 1 0.085 0.996 0.079 0.135 1 0.07 0.211 1 0.085
"71" 24 24 2 0 0 0 0.5 -1 0.25 0.5 0 0.5 1 0.239 0.991 0.262 0.376 0.999 0.2 0.599 1 0.217
"72" 24 24 2 0 0 0 0.5 -0.5 0.25 0.5 0 0.5 1 0.094 0.427 0.185 0.154 0.892 0.348 0.293 0.998 0.598
"73" 24 24 2 0 0 0 0.5 0 0.25 0.5 0 0.5 1 0.053 0.057 0.118 0.053 0.048 0.451 0.056 0.05 0.718
"74" 24 24 2 0 0 0 0.5 0.5 0.25 0.5 0 0.5 1 0.091 0.459 0.193 0.148 0.92 0.371 0.303 0.998 0.614
"75" 24 24 2 0 0 0 0.5 1 0.25 0.5 0 0.5 1 0.261 0.994 0.248 0.392 1 0.172 0.619 1 0.199
"76" 24 24 2 0 0 0 0.5 -1 0.5 0.5 0 0.5 1 0.739 0.986 0.716 0.877 0.996 0.558 0.989 1 0.585
"77" 24 24 2 0 0 0 0.5 -0.5 0.5 0.5 0 0.5 1 0.259 0.546 0.542 0.455 0.84 0.851 0.779 0.992 0.993
"78" 24 24 2 0 0 0 0.5 0 0.5 0.5 0 0.5 1 0.051 0.042 0.404 0.053 0.044 0.911 0.052 0.044 0.996
"79" 24 24 2 0 0 0 0.5 0.5 0.5 0.5 0 0.5 1 0.246 0.573 0.529 0.449 0.832 0.839 0.785 0.989 0.989
"80" 24 24 2 0 0 0 0.5 1 0.5 0.5 0 0.5 1 0.723 0.992 0.715 0.877 0.998 0.574 0.99 1 0.594
