"N_s" "N_t" "d_0" "d_1" "d_2" "d_3" "d_SD" "k_0" "k_1" "k_2" "k_3" "k_SD" "S" "B.dp" "W.dp" "BxW.dp" "B.Ap" "W.Ap" "BxW.Ap" "B.Pr" "W.Pr" "BxW.Pr"
"1" 12 24 1.5 0.125 0.125 -0.25 0.5 0 0 0 0 0 1 0.174 0.485 0.97 0.22 0.601 0.981 0.206 0.605 0.987
"2" 24 24 1.5 0.125 0.125 -0.25 0.5 0 0 0 0 0 1 0.285 0.803 1 0.369 0.885 1 0.341 0.881 1
"3" 48 24 1.5 0.125 0.125 -0.25 0.5 0 0 0 0 0 1 0.535 0.988 1 0.673 0.997 1 0.619 0.995 1
"4" 12 24 2 0.125 0.125 -0.25 0.5 0 0 0 0 0 1 0.163 0.419 0.949 0.187 0.499 0.96 0.188 0.517 0.966
"5" 24 24 2 0.125 0.125 -0.25 0.5 0 0 0 0 0 1 0.287 0.722 0.999 0.39 0.844 1 0.361 0.836 1
"6" 48 24 2 0.125 0.125 -0.25 0.5 0 0 0 0 0 1 0.524 0.962 1 0.648 0.994 1 0.611 0.994 1
"7" 12 24 2.5 0.125 0.125 -0.25 0.5 0 0 0 0 0 1 0.156 0.351 0.896 0.205 0.464 0.926 0.197 0.472 0.934
"8" 24 24 2.5 0.125 0.125 -0.25 0.5 0 0 0 0 0 1 0.278 0.656 0.997 0.346 0.765 0.997 0.335 0.775 0.999
"9" 48 24 2.5 0.125 0.125 -0.25 0.5 0 0 0 0 0 1 0.533 0.913 1 0.652 0.97 1 0.632 0.967 1
"10" 12 24 3 0.125 0.125 -0.25 0.5 0 0 0 0 0 1 0.148 0.341 0.815 0.176 0.423 0.865 0.176 0.42 0.88
"11" 24 24 3 0.125 0.125 -0.25 0.5 0 0 0 0 0 1 0.267 0.596 0.981 0.341 0.693 0.992 0.333 0.699 0.992
"12" 48 24 3 0.125 0.125 -0.25 0.5 0 0 0 0 0 1 0.523 0.873 1 0.625 0.949 1 0.6 0.951 1
"13" 12 24 3.5 0.125 0.125 -0.25 0.5 0 0 0 0 0 1 0.169 0.263 0.7 0.169 0.307 0.737 0.17 0.305 0.744
"14" 24 24 3.5 0.125 0.125 -0.25 0.5 0 0 0 0 0 1 0.288 0.5 0.953 0.336 0.562 0.965 0.33 0.554 0.965
"15" 48 24 3.5 0.125 0.125 -0.25 0.5 0 0 0 0 0 1 0.485 0.788 0.999 0.549 0.864 1 0.54 0.864 1
"16" 12 24 1.5 0.25 0.25 -0.25 0.5 0 0 0 0 0 1 0.501 0.976 0.967 0.641 0.991 0.99 0.594 0.992 0.987
"17" 24 24 1.5 0.25 0.25 -0.25 0.5 0 0 0 0 0 1 0.806 1 1 0.908 1 1 0.875 1 1
"18" 48 24 1.5 0.25 0.25 -0.25 0.5 0 0 0 0 0 1 0.988 1 1 0.999 1 1 0.998 1 1
"19" 12 24 2 0.25 0.25 -0.25 0.5 0 0 0 0 0 1 0.491 0.922 0.941 0.619 0.975 0.989 0.587 0.977 0.99
"20" 24 24 2 0.25 0.25 -0.25 0.5 0 0 0 0 0 1 0.811 1 0.998 0.909 1 1 0.888 1 1
"21" 48 24 2 0.25 0.25 -0.25 0.5 0 0 0 0 0 1 0.985 1 1 0.998 1 1 0.998 1 1
"22" 12 24 2.5 0.25 0.25 -0.25 0.5 0 0 0 0 0 1 0.489 0.908 0.895 0.61 0.969 0.96 0.601 0.971 0.963
"23" 24 24 2.5 0.25 0.25 -0.25 0.5 0 0 0 0 0 1 0.798 1 0.998 0.892 1 1 0.881 1 1
"24" 48 24 2.5 0.25 0.25 -0.25 0.5 0 0 0 0 0 1 0.982 1 1 0.996 1 1 0.995 1 1
"25" 12 24 3 0.25 0.25 -0.25 0.5 0 0 0 0 0 1 0.51 0.83 0.849 0.58 0.912 0.926 0.582 0.912 0.932
"26" 24 24 3 0.25 0.25 -0.25 0.5 0 0 0 0 0 1 0.783 0.995 0.992 0.871 1 0.997 0.862 1 0.996
"27" 48 24 3 0.25 0.25 -0.25 0.5 0 0 0 0 0 1 0.976 1 1 0.993 1 1 0.992 1 1
"28" 12 24 3.5 0.25 0.25 -0.25 0.5 0 0 0 0 0 1 0.472 0.782 0.786 0.526 0.853 0.867 0.524 0.849 0.861
"29" 24 24 3.5 0.25 0.25 -0.25 0.5 0 0 0 0 0 1 0.773 0.977 0.979 0.842 0.995 0.992 0.839 0.996 0.994
"30" 48 24 3.5 0.25 0.25 -0.25 0.5 0 0 0 0 0 1 0.973 1 1 0.988 1 1 0.986 1 1
"31" 12 24 1.5 0.5 0.5 -0.25 0.5 0 0 0 0 0 1 0.98 1 0.955 0.995 1 1 0.991 1 1
"32" 24 24 1.5 0.5 0.5 -0.25 0.5 0 0 0 0 0 1 1 1 1 1 1 1 1 1 1
"33" 48 24 1.5 0.5 0.5 -0.25 0.5 0 0 0 0 0 1 1 1 1 1 1 1 1 1 1
"34" 12 24 2 0.5 0.5 -0.25 0.5 0 0 0 0 0 1 0.975 1 0.952 0.996 1 1 0.996 1 0.999
"35" 24 24 2 0.5 0.5 -0.25 0.5 0 0 0 0 0 1 1 1 0.999 1 1 1 1 1 1
"36" 48 24 2 0.5 0.5 -0.25 0.5 0 0 0 0 0 1 1 1 1 1 1 1 1 1 1
"37" 12 24 2.5 0.5 0.5 -0.25 0.5 0 0 0 0 0 1 0.975 1 0.917 0.99 1 1 0.992 1 1
"38" 24 24 2.5 0.5 0.5 -0.25 0.5 0 0 0 0 0 1 1 1 0.998 1 1 1 1 1 1
"39" 48 24 2.5 0.5 0.5 -0.25 0.5 0 0 0 0 0 1 1 1 1 1 1 1 1 1 1
"40" 12 24 3 0.5 0.5 -0.25 0.5 0 0 0 0 0 1 0.971 1 0.932 0.989 1 0.994 0.991 1 0.994
"41" 24 24 3 0.5 0.5 -0.25 0.5 0 0 0 0 0 1 1 1 1 1 1 1 1 1 1
"42" 48 24 3 0.5 0.5 -0.25 0.5 0 0 0 0 0 1 1 1 1 1 1 1 1 1 1
"43" 12 24 3.5 0.5 0.5 -0.25 0.5 0 0 0 0 0 1 0.963 1 0.927 0.974 0.999 0.978 0.977 1 0.986
"44" 24 24 3.5 0.5 0.5 -0.25 0.5 0 0 0 0 0 1 0.999 1 1 1 1 1 1 1 1
"45" 48 24 3.5 0.5 0.5 -0.25 0.5 0 0 0 0 0 1 1 1 1 1 1 1 1 1 1
"46" 12 24 1.5 0.125 0.125 -0.125 0.5 0 0 0 0 0 1 0.165 0.493 0.476 0.178 0.551 0.552 0.173 0.561 0.546
"47" 24 24 1.5 0.125 0.125 -0.125 0.5 0 0 0 0 0 1 0.294 0.816 0.806 0.325 0.88 0.857 0.322 0.878 0.864
"48" 48 24 1.5 0.125 0.125 -0.125 0.5 0 0 0 0 0 1 0.537 0.979 0.985 0.592 0.991 0.992 0.578 0.992 0.993
"49" 12 24 2 0.125 0.125 -0.125 0.5 0 0 0 0 0 1 0.152 0.443 0.453 0.173 0.515 0.515 0.171 0.522 0.531
"50" 24 24 2 0.125 0.125 -0.125 0.5 0 0 0 0 0 1 0.29 0.712 0.721 0.314 0.794 0.811 0.307 0.798 0.816
"51" 48 24 2 0.125 0.125 -0.125 0.5 0 0 0 0 0 1 0.534 0.952 0.945 0.594 0.981 0.986 0.586 0.979 0.979
"52" 12 24 2.5 0.125 0.125 -0.125 0.5 0 0 0 0 0 1 0.141 0.353 0.353 0.161 0.444 0.423 0.158 0.437 0.428
"53" 24 24 2.5 0.125 0.125 -0.125 0.5 0 0 0 0 0 1 0.287 0.658 0.66 0.341 0.734 0.757 0.331 0.745 0.76
"54" 48 24 2.5 0.125 0.125 -0.125 0.5 0 0 0 0 0 1 0.494 0.914 0.924 0.557 0.953 0.958 0.547 0.954 0.959
"55" 12 24 3 0.125 0.125 -0.125 0.5 0 0 0 0 0 1 0.158 0.306 0.306 0.157 0.364 0.364 0.166 0.366 0.36
"56" 24 24 3 0.125 0.125 -0.125 0.5 0 0 0 0 0 1 0.275 0.568 0.546 0.302 0.638 0.63 0.303 0.645 0.625
"57" 48 24 3 0.125 0.125 -0.125 0.5 0 0 0 0 0 1 0.494 0.844 0.87 0.551 0.915 0.914 0.545 0.914 0.913
"58" 12 24 3.5 0.125 0.125 -0.125 0.5 0 0 0 0 0 1 0.133 0.258 0.272 0.134 0.27 0.279 0.135 0.276 0.292
"59" 24 24 3.5 0.125 0.125 -0.125 0.5 0 0 0 0 0 1 0.273 0.452 0.476 0.281 0.515 0.539 0.284 0.51 0.537
"60" 48 24 3.5 0.125 0.125 -0.125 0.5 0 0 0 0 0 1 0.475 0.755 0.754 0.504 0.809 0.833 0.492 0.81 0.832
"61" 12 24 1.5 0.25 0.25 -0.125 0.5 0 0 0 0 0 1 0.524 0.978 0.497 0.569 0.991 0.732 0.558 0.992 0.663
"62" 24 24 1.5 0.25 0.25 -0.125 0.5 0 0 0 0 0 1 0.819 1 0.791 0.87 1 0.943 0.859 1 0.915
"63" 48 24 1.5 0.25 0.25 -0.125 0.5 0 0 0 0 0 1 0.989 1 0.976 0.994 1 0.998 0.994 1 0.998
"64" 12 24 2 0.25 0.25 -0.125 0.5 0 0 0 0 0 1 0.484 0.939 0.433 0.543 0.975 0.659 0.536 0.977 0.625
"65" 24 24 2 0.25 0.25 -0.125 0.5 0 0 0 0 0 1 0.806 0.999 0.717 0.87 0.999 0.919 0.866 1 0.897
"66" 48 24 2 0.25 0.25 -0.125 0.5 0 0 0 0 0 1 0.979 1 0.959 0.987 1 1 0.985 1 1
"67" 12 24 2.5 0.25 0.25 -0.125 0.5 0 0 0 0 0 1 0.472 0.893 0.378 0.527 0.931 0.594 0.536 0.941 0.577
"68" 24 24 2.5 0.25 0.25 -0.125 0.5 0 0 0 0 0 1 0.801 0.999 0.671 0.848 0.999 0.899 0.849 1 0.869
"69" 48 24 2.5 0.25 0.25 -0.125 0.5 0 0 0 0 0 1 0.98 1 0.941 0.995 1 0.995 0.996 1 0.995
"70" 12 24 3 0.25 0.25 -0.125 0.5 0 0 0 0 0 1 0.465 0.841 0.345 0.504 0.908 0.519 0.513 0.907 0.499
"71" 24 24 3 0.25 0.25 -0.125 0.5 0 0 0 0 0 1 0.778 0.989 0.625 0.816 0.998 0.817 0.814 0.998 0.799
"72" 48 24 3 0.25 0.25 -0.125 0.5 0 0 0 0 0 1 0.976 1 0.906 0.987 1 0.99 0.989 1 0.985
"73" 12 24 3.5 0.25 0.25 -0.125 0.5 0 0 0 0 0 1 0.445 0.778 0.333 0.47 0.808 0.424 0.487 0.813 0.418
"74" 24 24 3.5 0.25 0.25 -0.125 0.5 0 0 0 0 0 1 0.73 0.965 0.591 0.768 0.982 0.72 0.769 0.985 0.712
"75" 48 24 3.5 0.25 0.25 -0.125 0.5 0 0 0 0 0 1 0.956 1 0.858 0.97 1 0.956 0.968 1 0.947
"76" 12 24 1.5 0.5 0.5 -0.125 0.5 0 0 0 0 0 1 0.971 1 0.432 0.978 1 0.97 0.979 1 0.894
"77" 24 24 1.5 0.5 0.5 -0.125 0.5 0 0 0 0 0 1 1 1 0.73 1 1 0.999 1 1 0.999
"78" 48 24 1.5 0.5 0.5 -0.125 0.5 0 0 0 0 0 1 1 1 0.967 1 1 1 1 1 1
"79" 12 24 2 0.5 0.5 -0.125 0.5 0 0 0 0 0 1 0.968 1 0.417 0.986 1 0.978 0.985 1 0.926
"80" 24 24 2 0.5 0.5 -0.125 0.5 0 0 0 0 0 1 0.999 1 0.721 0.999 1 1 0.999 1 0.999
"81" 48 24 2 0.5 0.5 -0.125 0.5 0 0 0 0 0 1 1 1 0.962 1 1 1 1 1 1
"82" 12 24 2.5 0.5 0.5 -0.125 0.5 0 0 0 0 0 1 0.976 1 0.454 0.99 1 0.942 0.992 1 0.92
"83" 24 24 2.5 0.5 0.5 -0.125 0.5 0 0 0 0 0 1 0.999 1 0.772 1 1 1 1 1 0.999
"84" 48 24 2.5 0.5 0.5 -0.125 0.5 0 0 0 0 0 1 1 1 0.98 1 1 1 1 1 1
"85" 12 24 3 0.5 0.5 -0.125 0.5 0 0 0 0 0 1 0.964 1 0.54 0.974 1 0.915 0.977 1 0.888
"86" 24 24 3 0.5 0.5 -0.125 0.5 0 0 0 0 0 1 1 1 0.874 1 1 0.998 1 1 0.997
"87" 48 24 3 0.5 0.5 -0.125 0.5 0 0 0 0 0 1 1 1 0.993 1 1 1 1 1 1
"88" 12 24 3.5 0.5 0.5 -0.125 0.5 0 0 0 0 0 1 0.944 0.999 0.638 0.953 1 0.85 0.958 1 0.84
"89" 24 24 3.5 0.5 0.5 -0.125 0.5 0 0 0 0 0 1 1 1 0.923 1 1 0.993 1 1 0.991
"90" 48 24 3.5 0.5 0.5 -0.125 0.5 0 0 0 0 0 1 1 1 0.999 1 1 1 1 1 1
"91" 12 24 1.5 0.125 0.125 0.125 0.5 0 0 0 0 0 1 0.171 0.517 0.511 0.14 0.426 0.404 0.159 0.496 0.493
"92" 24 24 1.5 0.125 0.125 0.125 0.5 0 0 0 0 0 1 0.296 0.817 0.809 0.238 0.721 0.717 0.263 0.811 0.806
"93" 48 24 1.5 0.125 0.125 0.125 0.5 0 0 0 0 0 1 0.56 0.989 0.991 0.447 0.951 0.95 0.516 0.986 0.987
"94" 12 24 2 0.125 0.125 0.125 0.5 0 0 0 0 0 1 0.158 0.408 0.474 0.118 0.34 0.376 0.133 0.38 0.431
"95" 24 24 2 0.125 0.125 0.125 0.5 0 0 0 0 0 1 0.297 0.736 0.748 0.245 0.641 0.658 0.28 0.721 0.738
"96" 48 24 2 0.125 0.125 0.125 0.5 0 0 0 0 0 1 0.517 0.97 0.949 0.427 0.929 0.907 0.476 0.97 0.943
"97" 12 24 2.5 0.125 0.125 0.125 0.5 0 0 0 0 0 1 0.172 0.346 0.354 0.135 0.309 0.304 0.154 0.347 0.338
"98" 24 24 2.5 0.125 0.125 0.125 0.5 0 0 0 0 0 1 0.279 0.59 0.617 0.227 0.562 0.564 0.247 0.6 0.615
"99" 48 24 2.5 0.125 0.125 0.125 0.5 0 0 0 0 0 1 0.467 0.901 0.913 0.4 0.845 0.863 0.434 0.891 0.905
"100" 12 24 3 0.125 0.125 0.125 0.5 0 0 0 0 0 1 0.127 0.271 0.286 0.112 0.253 0.249 0.114 0.28 0.273
"101" 24 24 3 0.125 0.125 0.125 0.5 0 0 0 0 0 1 0.249 0.51 0.535 0.209 0.47 0.467 0.223 0.496 0.49
"102" 48 24 3 0.125 0.125 0.125 0.5 0 0 0 0 0 1 0.428 0.804 0.802 0.381 0.775 0.775 0.397 0.805 0.796
"103" 12 24 3.5 0.125 0.125 0.125 0.5 0 0 0 0 0 1 0.118 0.212 0.215 0.105 0.182 0.195 0.112 0.199 0.207
"104" 24 24 3.5 0.125 0.125 0.125 0.5 0 0 0 0 0 1 0.223 0.387 0.381 0.185 0.353 0.358 0.192 0.369 0.369
"105" 48 24 3.5 0.125 0.125 0.125 0.5 0 0 0 0 0 1 0.396 0.675 0.679 0.341 0.638 0.626 0.356 0.656 0.666
"106" 12 24 1.5 0.25 0.25 0.125 0.5 0 0 0 0 0 1 0.506 0.981 0.511 0.405 0.942 0.212 0.464 0.974 0.371
"107" 24 24 1.5 0.25 0.25 0.125 0.5 0 0 0 0 0 1 0.853 0.998 0.813 0.744 0.999 0.373 0.815 0.999 0.661
"108" 48 24 1.5 0.25 0.25 0.125 0.5 0 0 0 0 0 1 0.986 1 0.976 0.947 1 0.653 0.975 1 0.925
"109" 12 24 2 0.25 0.25 0.125 0.5 0 0 0 0 0 1 0.483 0.939 0.411 0.394 0.9 0.186 0.446 0.939 0.277
"110" 24 24 2 0.25 0.25 0.125 0.5 0 0 0 0 0 1 0.78 1 0.724 0.689 0.999 0.336 0.748 1 0.537
"111" 48 24 2 0.25 0.25 0.125 0.5 0 0 0 0 0 1 0.978 1 0.956 0.94 1 0.603 0.964 1 0.844
"112" 12 24 2.5 0.25 0.25 0.125 0.5 0 0 0 0 0 1 0.465 0.864 0.338 0.386 0.82 0.155 0.43 0.861 0.203
"113" 24 24 2.5 0.25 0.25 0.125 0.5 0 0 0 0 0 1 0.785 1 0.582 0.679 0.992 0.266 0.732 0.999 0.376
"114" 48 24 2.5 0.25 0.25 0.125 0.5 0 0 0 0 0 1 0.97 1 0.888 0.936 1 0.528 0.956 1 0.706
"115" 12 24 3 0.25 0.25 0.125 0.5 0 0 0 0 0 1 0.454 0.774 0.224 0.372 0.729 0.136 0.398 0.767 0.157
"116" 24 24 3 0.25 0.25 0.125 0.5 0 0 0 0 0 1 0.745 0.979 0.448 0.679 0.96 0.235 0.706 0.979 0.28
"117" 48 24 3 0.25 0.25 0.125 0.5 0 0 0 0 0 1 0.944 1 0.718 0.905 1 0.393 0.928 1 0.487
"118" 12 24 3.5 0.25 0.25 0.125 0.5 0 0 0 0 0 1 0.378 0.645 0.155 0.331 0.614 0.087 0.345 0.63 0.103
"119" 24 24 3.5 0.25 0.25 0.125 0.5 0 0 0 0 0 1 0.613 0.916 0.294 0.559 0.885 0.177 0.579 0.901 0.199
"120" 48 24 3.5 0.25 0.25 0.125 0.5 0 0 0 0 0 1 0.917 0.999 0.502 0.88 0.997 0.306 0.897 0.998 0.354
"121" 12 24 1.5 0.5 0.5 0.125 0.5 0 0 0 0 0 1 0.982 1 0.525 0.951 1 0.092 0.973 1 0.087
"122" 24 24 1.5 0.5 0.5 0.125 0.5 0 0 0 0 0 1 1 1 0.824 1 1 0.152 1 1 0.126
"123" 48 24 1.5 0.5 0.5 0.125 0.5 0 0 0 0 0 1 1 1 0.986 1 1 0.24 1 1 0.221
"124" 12 24 2 0.5 0.5 0.125 0.5 0 0 0 0 0 1 0.972 1 0.407 0.929 1 0.094 0.952 1 0.044
"125" 24 24 2 0.5 0.5 0.125 0.5 0 0 0 0 0 1 1 1 0.669 0.996 1 0.172 0.999 1 0.06
"126" 48 24 2 0.5 0.5 0.125 0.5 0 0 0 0 0 1 1 1 0.945 1 1 0.333 1 1 0.055
"127" 12 24 2.5 0.5 0.5 0.125 0.5 0 0 0 0 0 1 0.963 1 0.239 0.911 1 0.111 0.938 1 0.061
"128" 24 24 2.5 0.5 0.5 0.125 0.5 0 0 0 0 0 1 1 1 0.415 0.999 1 0.172 1 1 0.049
"129" 48 24 2.5 0.5 0.5 0.125 0.5 0 0 0 0 0 1 1 1 0.724 1 1 0.299 1 1 0.06
"130" 12 24 3 0.5 0.5 0.125 0.5 0 0 0 0 0 1 0.947 1 0.104 0.879 0.998 0.102 0.904 1 0.066
"131" 24 24 3 0.5 0.5 0.125 0.5 0 0 0 0 0 1 0.997 1 0.196 0.994 1 0.178 0.995 1 0.098
"132" 48 24 3 0.5 0.5 0.125 0.5 0 0 0 0 0 1 1 1 0.271 1 1 0.368 1 1 0.157
"133" 12 24 3.5 0.5 0.5 0.125 0.5 0 0 0 0 0 1 0.888 0.999 0.043 0.833 0.996 0.089 0.852 0.999 0.073
"134" 24 24 3.5 0.5 0.5 0.125 0.5 0 0 0 0 0 1 0.996 1 0.047 0.993 1 0.19 0.993 1 0.134
"135" 48 24 3.5 0.5 0.5 0.125 0.5 0 0 0 0 0 1 1 1 0.054 1 1 0.36 1 1 0.252
"136" 12 24 1.5 0.125 0.125 0.25 0.5 0 0 0 0 0 1 0.19 0.522 0.978 0.136 0.323 0.95 0.165 0.442 0.978
"137" 24 24 1.5 0.125 0.125 0.25 0.5 0 0 0 0 0 1 0.306 0.815 1 0.192 0.576 0.998 0.258 0.74 1
"138" 48 24 1.5 0.125 0.125 0.25 0.5 0 0 0 0 0 1 0.549 0.982 1 0.359 0.88 1 0.475 0.968 1
"139" 12 24 2 0.125 0.125 0.25 0.5 0 0 0 0 0 1 0.18 0.446 0.93 0.119 0.3 0.913 0.149 0.393 0.944
"140" 24 24 2 0.125 0.125 0.25 0.5 0 0 0 0 0 1 0.337 0.741 0.999 0.204 0.516 0.999 0.257 0.647 0.999
"141" 48 24 2 0.125 0.125 0.25 0.5 0 0 0 0 0 1 0.552 0.965 1 0.364 0.813 1 0.448 0.922 1
"142" 12 24 2.5 0.125 0.125 0.25 0.5 0 0 0 0 0 1 0.159 0.349 0.88 0.113 0.231 0.862 0.13 0.271 0.888
"143" 24 24 2.5 0.125 0.125 0.25 0.5 0 0 0 0 0 1 0.247 0.611 0.996 0.177 0.445 0.995 0.204 0.533 0.996
"144" 48 24 2.5 0.125 0.125 0.25 0.5 0 0 0 0 0 1 0.458 0.901 1 0.331 0.753 1 0.366 0.836 1
"145" 12 24 3 0.125 0.125 0.25 0.5 0 0 0 0 0 1 0.127 0.28 0.777 0.094 0.208 0.777 0.106 0.232 0.799
"146" 24 24 3 0.125 0.125 0.25 0.5 0 0 0 0 0 1 0.222 0.478 0.984 0.157 0.356 0.981 0.184 0.407 0.986
"147" 48 24 3 0.125 0.125 0.25 0.5 0 0 0 0 0 1 0.418 0.767 1 0.314 0.629 1 0.343 0.688 1
"148" 12 24 3.5 0.125 0.125 0.25 0.5 0 0 0 0 0 1 0.117 0.179 0.69 0.09 0.15 0.671 0.099 0.164 0.697
"149" 24 24 3.5 0.125 0.125 0.25 0.5 0 0 0 0 0 1 0.195 0.353 0.928 0.148 0.27 0.923 0.16 0.284 0.934
"150" 48 24 3.5 0.125 0.125 0.25 0.5 0 0 0 0 0 1 0.356 0.589 0.997 0.284 0.478 0.996 0.306 0.513 0.997
"151" 12 24 1.5 0.25 0.25 0.25 0.5 0 0 0 0 0 1 0.559 0.985 0.983 0.384 0.857 0.874 0.491 0.962 0.963
"152" 24 24 1.5 0.25 0.25 0.25 0.5 0 0 0 0 0 1 0.837 1 1 0.623 0.994 0.994 0.761 0.999 1
"153" 48 24 1.5 0.25 0.25 0.25 0.5 0 0 0 0 0 1 0.983 1 1 0.897 1 1 0.955 1 1
"154" 12 24 2 0.25 0.25 0.25 0.5 0 0 0 0 0 1 0.496 0.938 0.939 0.325 0.788 0.805 0.411 0.9 0.897
"155" 24 24 2 0.25 0.25 0.25 0.5 0 0 0 0 0 1 0.818 1 0.999 0.583 0.98 0.983 0.698 0.996 0.998
"156" 48 24 2 0.25 0.25 0.25 0.5 0 0 0 0 0 1 0.977 1 1 0.877 0.999 1 0.936 1 1
"157" 12 24 2.5 0.25 0.25 0.25 0.5 0 0 0 0 0 1 0.461 0.871 0.87 0.31 0.731 0.708 0.362 0.811 0.791
"158" 24 24 2.5 0.25 0.25 0.25 0.5 0 0 0 0 0 1 0.762 0.995 0.994 0.576 0.947 0.954 0.661 0.976 0.982
"159" 48 24 2.5 0.25 0.25 0.25 0.5 0 0 0 0 0 1 0.969 1 1 0.866 1 0.999 0.916 1 1
"160" 12 24 3 0.25 0.25 0.25 0.5 0 0 0 0 0 1 0.361 0.743 0.745 0.267 0.607 0.612 0.29 0.68 0.683
"161" 24 24 3 0.25 0.25 0.25 0.5 0 0 0 0 0 1 0.687 0.964 0.969 0.527 0.872 0.912 0.576 0.92 0.948
"162" 48 24 3 0.25 0.25 0.25 0.5 0 0 0 0 0 1 0.948 1 1 0.833 0.997 0.999 0.878 0.999 1
"163" 12 24 3.5 0.25 0.25 0.25 0.5 0 0 0 0 0 1 0.303 0.591 0.575 0.231 0.474 0.483 0.251 0.51 0.519
"164" 24 24 3.5 0.25 0.25 0.25 0.5 0 0 0 0 0 1 0.598 0.871 0.885 0.456 0.785 0.803 0.492 0.82 0.839
"165" 48 24 3.5 0.25 0.25 0.25 0.5 0 0 0 0 0 1 0.848 0.992 0.998 0.748 0.978 0.979 0.778 0.99 0.989
"166" 12 24 1.5 0.5 0.5 0.25 0.5 0 0 0 0 0 1 0.983 1 0.979 0.873 0.999 0.179 0.952 1 0.714
"167" 24 24 1.5 0.5 0.5 0.25 0.5 0 0 0 0 0 1 0.999 1 1 0.995 1 0.353 0.999 1 0.958
"168" 48 24 1.5 0.5 0.5 0.25 0.5 0 0 0 0 0 1 1 1 1 1 1 0.592 1 1 1
"169" 12 24 2 0.5 0.5 0.25 0.5 0 0 0 0 0 1 0.977 1 0.929 0.864 1 0.147 0.943 1 0.469
"170" 24 24 2 0.5 0.5 0.25 0.5 0 0 0 0 0 1 1 1 0.996 0.99 1 0.261 0.999 1 0.789
"171" 48 24 2 0.5 0.5 0.25 0.5 0 0 0 0 0 1 1 1 1 1 1 0.458 1 1 0.974
"172" 12 24 2.5 0.5 0.5 0.25 0.5 0 0 0 0 0 1 0.957 1 0.791 0.841 1 0.126 0.901 1 0.277
"173" 24 24 2.5 0.5 0.5 0.25 0.5 0 0 0 0 0 1 1 1 0.977 0.991 1 0.208 0.999 1 0.525
"174" 48 24 2.5 0.5 0.5 0.25 0.5 0 0 0 0 0 1 1 1 1 1 1 0.336 1 1 0.818
"175" 12 24 3 0.5 0.5 0.25 0.5 0 0 0 0 0 1 0.927 1 0.516 0.811 0.996 0.083 0.851 0.997 0.145
"176" 24 24 3 0.5 0.5 0.25 0.5 0 0 0 0 0 1 0.999 1 0.841 0.985 1 0.133 0.993 1 0.258
"177" 48 24 3 0.5 0.5 0.25 0.5 0 0 0 0 0 1 1 1 0.989 1 1 0.237 1 1 0.53
"178" 12 24 3.5 0.5 0.5 0.25 0.5 0 0 0 0 0 1 0.861 0.992 0.271 0.748 0.975 0.076 0.793 0.983 0.1
"179" 24 24 3.5 0.5 0.5 0.25 0.5 0 0 0 0 0 1 0.989 1 0.502 0.967 1 0.109 0.977 1 0.163
"180" 48 24 3.5 0.5 0.5 0.25 0.5 0 0 0 0 0 1 1 1 0.815 1 1 0.155 1 1 0.266
