"N_s" "N_t" "Pr_0" "Pr_1" "Pr_2" "Pr_3" "Pr_SD" "Br_0" "Br_1" "Br_2" "Br_3" "Br_SD" "B.dp" "W.dp" "BxW.dp" "B.Ap" "W.Ap" "BxW.Ap" "B.Pr" "W.Pr" "BxW.Pr"
"1" 12 24 0.4 0.025 0.025 -0.05 0.1 0.5 0 0 0 0 0.136 0.244 0.684 0.152 0.257 0.691 0.141 0.258 0.71
"2" 24 24 0.4 0.025 0.025 -0.05 0.1 0.5 0 0 0 0 0.201 0.412 0.958 0.246 0.459 0.951 0.219 0.441 0.961
"3" 48 24 0.4 0.025 0.025 -0.05 0.1 0.5 0 0 0 0 0.386 0.672 0.999 0.436 0.747 1 0.409 0.731 0.999
"4" 12 24 0.5 0.025 0.025 -0.05 0.1 0.5 0 0 0 0 0.115 0.239 0.766 0.145 0.278 0.754 0.135 0.274 0.788
"5" 24 24 0.5 0.025 0.025 -0.05 0.1 0.5 0 0 0 0 0.213 0.444 0.969 0.268 0.512 0.961 0.243 0.487 0.974
"6" 48 24 0.5 0.025 0.025 -0.05 0.1 0.5 0 0 0 0 0.407 0.708 1 0.479 0.782 0.999 0.449 0.774 1
"7" 12 24 0.6 0.025 0.025 -0.05 0.1 0.5 0 0 0 0 0.153 0.237 0.823 0.171 0.301 0.821 0.165 0.283 0.846
"8" 24 24 0.6 0.025 0.025 -0.05 0.1 0.5 0 0 0 0 0.225 0.477 0.978 0.281 0.586 0.981 0.262 0.575 0.984
"9" 48 24 0.6 0.025 0.025 -0.05 0.1 0.5 0 0 0 0 0.382 0.759 1 0.498 0.872 1 0.465 0.85 1
"10" 12 24 0.7 0.025 0.025 -0.05 0.1 0.5 0 0 0 0 0.136 0.307 0.89 0.179 0.367 0.875 0.176 0.365 0.903
"11" 24 24 0.7 0.025 0.025 -0.05 0.1 0.5 0 0 0 0 0.218 0.542 0.994 0.295 0.65 0.99 0.272 0.642 0.997
"12" 48 24 0.7 0.025 0.025 -0.05 0.1 0.5 0 0 0 0 0.398 0.843 1 0.528 0.934 1 0.494 0.923 1
"13" 12 24 0.8 0.025 0.025 -0.05 0.1 0.5 0 0 0 0 0.129 0.425 0.982 0.173 0.466 0.94 0.165 0.484 0.958
"14" 24 24 0.8 0.025 0.025 -0.05 0.1 0.5 0 0 0 0 0.268 0.713 1 0.343 0.788 0.999 0.327 0.8 1
"15" 48 24 0.8 0.025 0.025 -0.05 0.1 0.5 0 0 0 0 0.467 0.961 1 0.587 0.972 1 0.561 0.977 1
"16" 12 24 0.4 0.05 0.05 -0.05 0.1 0.5 0 0 0 0 0.393 0.672 0.667 0.461 0.736 0.747 0.434 0.725 0.719
"17" 24 24 0.4 0.05 0.05 -0.05 0.1 0.5 0 0 0 0 0.645 0.936 0.942 0.732 0.955 0.962 0.687 0.952 0.954
"18" 48 24 0.4 0.05 0.05 -0.05 0.1 0.5 0 0 0 0 0.906 0.998 0.995 0.947 0.999 1 0.93 0.999 0.999
"19" 12 24 0.5 0.05 0.05 -0.05 0.1 0.5 0 0 0 0 0.363 0.684 0.706 0.443 0.767 0.774 0.411 0.743 0.773
"20" 24 24 0.5 0.05 0.05 -0.05 0.1 0.5 0 0 0 0 0.675 0.953 0.951 0.77 0.98 0.977 0.734 0.979 0.973
"21" 48 24 0.5 0.05 0.05 -0.05 0.1 0.5 0 0 0 0 0.916 1 0.998 0.956 1 0.999 0.943 1 0.999
"22" 12 24 0.6 0.05 0.05 -0.05 0.1 0.5 0 0 0 0 0.384 0.736 0.729 0.458 0.824 0.839 0.445 0.827 0.829
"23" 24 24 0.6 0.05 0.05 -0.05 0.1 0.5 0 0 0 0 0.662 0.969 0.971 0.78 0.986 0.988 0.737 0.987 0.99
"24" 48 24 0.6 0.05 0.05 -0.05 0.1 0.5 0 0 0 0 0.914 1 0.999 0.978 1 1 0.964 1 1
"25" 12 24 0.7 0.05 0.05 -0.05 0.1 0.5 0 0 0 0 0.377 0.815 0.839 0.487 0.888 0.903 0.469 0.892 0.909
"26" 24 24 0.7 0.05 0.05 -0.05 0.1 0.5 0 0 0 0 0.694 0.989 0.989 0.831 0.997 0.995 0.806 0.997 0.994
"27" 48 24 0.7 0.05 0.05 -0.05 0.1 0.5 0 0 0 0 0.94 1 1 0.983 1 1 0.977 1 1
"28" 12 24 0.8 0.05 0.05 -0.05 0.1 0.5 0 0 0 0 0.427 0.934 0.949 0.566 0.961 0.964 0.547 0.968 0.974
"29" 24 24 0.8 0.05 0.05 -0.05 0.1 0.5 0 0 0 0 0.738 1 1 0.862 1 1 0.844 1 1
"30" 48 24 0.8 0.05 0.05 -0.05 0.1 0.5 0 0 0 0 0.964 1 1 0.992 1 1 0.991 1 1
"31" 12 24 0.4 0.1 0.1 -0.05 0.1 0.5 0 0 0 0 0.916 0.998 0.506 0.959 1 0.856 0.947 1 0.696
"32" 24 24 0.4 0.1 0.1 -0.05 0.1 0.5 0 0 0 0 0.995 1 0.846 0.999 1 0.985 0.997 1 0.957
"33" 48 24 0.4 0.1 0.1 -0.05 0.1 0.5 0 0 0 0 1 1 0.984 1 1 1 1 1 0.998
"34" 12 24 0.5 0.1 0.1 -0.05 0.1 0.5 0 0 0 0 0.91 0.998 0.509 0.954 0.999 0.899 0.942 1 0.789
"35" 24 24 0.5 0.1 0.1 -0.05 0.1 0.5 0 0 0 0 0.996 1 0.784 1 1 0.995 1 1 0.974
"36" 48 24 0.5 0.1 0.1 -0.05 0.1 0.5 0 0 0 0 1 1 0.98 1 1 1 1 1 1
"37" 12 24 0.6 0.1 0.1 -0.05 0.1 0.5 0 0 0 0 0.924 1 0.465 0.97 1 0.919 0.963 1 0.836
"38" 24 24 0.6 0.1 0.1 -0.05 0.1 0.5 0 0 0 0 1 1 0.779 1 1 0.999 1 1 0.99
"39" 48 24 0.6 0.1 0.1 -0.05 0.1 0.5 0 0 0 0 1 1 0.979 1 1 1 1 1 1
"40" 12 24 0.7 0.1 0.1 -0.05 0.1 0.5 0 0 0 0 0.921 1 0.455 0.975 1 0.946 0.97 1 0.9
"41" 24 24 0.7 0.1 0.1 -0.05 0.1 0.5 0 0 0 0 0.997 1 0.775 1 1 0.999 0.999 1 0.997
"42" 48 24 0.7 0.1 0.1 -0.05 0.1 0.5 0 0 0 0 1 1 0.972 1 1 1 1 1 1
"43" 12 24 0.8 0.1 0.1 -0.05 0.1 0.5 0 0 0 0 0.953 1 0.74 0.982 1 0.986 0.981 1 0.978
"44" 24 24 0.8 0.1 0.1 -0.05 0.1 0.5 0 0 0 0 1 1 0.967 1 1 1 1 1 1
"45" 48 24 0.8 0.1 0.1 -0.05 0.1 0.5 0 0 0 0 1 1 1 1 1 1 1 1 1
"46" 12 24 0.4 0.025 0.025 -0.025 0.1 0.5 0 0 0 0 0.114 0.256 0.227 0.116 0.267 0.241 0.123 0.266 0.245
"47" 24 24 0.4 0.025 0.025 -0.025 0.1 0.5 0 0 0 0 0.203 0.433 0.398 0.234 0.447 0.43 0.222 0.454 0.429
"48" 48 24 0.4 0.025 0.025 -0.025 0.1 0.5 0 0 0 0 0.433 0.706 0.706 0.458 0.736 0.747 0.448 0.74 0.739
"49" 12 24 0.5 0.025 0.025 -0.025 0.1 0.5 0 0 0 0 0.139 0.247 0.246 0.145 0.257 0.26 0.148 0.261 0.261
"50" 24 24 0.5 0.025 0.025 -0.025 0.1 0.5 0 0 0 0 0.226 0.46 0.459 0.24 0.497 0.502 0.231 0.494 0.503
"51" 48 24 0.5 0.025 0.025 -0.025 0.1 0.5 0 0 0 0 0.392 0.74 0.725 0.413 0.775 0.757 0.417 0.766 0.769
"52" 12 24 0.6 0.025 0.025 -0.025 0.1 0.5 0 0 0 0 0.135 0.279 0.276 0.148 0.293 0.308 0.15 0.296 0.314
"53" 24 24 0.6 0.025 0.025 -0.025 0.1 0.5 0 0 0 0 0.219 0.52 0.508 0.254 0.553 0.537 0.243 0.561 0.544
"54" 48 24 0.6 0.025 0.025 -0.025 0.1 0.5 0 0 0 0 0.437 0.797 0.813 0.487 0.826 0.853 0.481 0.84 0.856
"55" 12 24 0.7 0.025 0.025 -0.025 0.1 0.5 0 0 0 0 0.155 0.324 0.319 0.17 0.362 0.351 0.173 0.372 0.355
"56" 24 24 0.7 0.025 0.025 -0.025 0.1 0.5 0 0 0 0 0.26 0.601 0.615 0.299 0.635 0.657 0.29 0.665 0.673
"57" 48 24 0.7 0.025 0.025 -0.025 0.1 0.5 0 0 0 0 0.44 0.872 0.883 0.51 0.886 0.912 0.497 0.901 0.918
"58" 12 24 0.8 0.025 0.025 -0.025 0.1 0.5 0 0 0 0 0.154 0.487 0.45 0.18 0.479 0.455 0.173 0.499 0.483
"59" 24 24 0.8 0.025 0.025 -0.025 0.1 0.5 0 0 0 0 0.286 0.778 0.76 0.322 0.766 0.767 0.317 0.794 0.795
"60" 48 24 0.8 0.025 0.025 -0.025 0.1 0.5 0 0 0 0 0.497 0.978 0.965 0.565 0.966 0.957 0.552 0.98 0.97
"61" 12 24 0.4 0.05 0.05 -0.025 0.1 0.5 0 0 0 0 0.4 0.671 0.229 0.427 0.685 0.305 0.419 0.693 0.27
"62" 24 24 0.4 0.05 0.05 -0.025 0.1 0.5 0 0 0 0 0.644 0.942 0.367 0.689 0.943 0.53 0.663 0.943 0.448
"63" 48 24 0.4 0.05 0.05 -0.025 0.1 0.5 0 0 0 0 0.953 0.999 0.634 0.964 0.999 0.803 0.962 0.999 0.731
"64" 12 24 0.5 0.05 0.05 -0.025 0.1 0.5 0 0 0 0 0.395 0.721 0.21 0.424 0.754 0.312 0.417 0.763 0.273
"65" 24 24 0.5 0.05 0.05 -0.025 0.1 0.5 0 0 0 0 0.684 0.963 0.376 0.729 0.972 0.561 0.714 0.978 0.503
"66" 48 24 0.5 0.05 0.05 -0.025 0.1 0.5 0 0 0 0 0.946 1 0.664 0.966 1 0.852 0.955 1 0.803
"67" 12 24 0.6 0.05 0.05 -0.025 0.1 0.5 0 0 0 0 0.41 0.797 0.21 0.468 0.81 0.339 0.454 0.831 0.302
"68" 24 24 0.6 0.05 0.05 -0.025 0.1 0.5 0 0 0 0 0.703 0.983 0.426 0.759 0.984 0.635 0.75 0.986 0.578
"69" 48 24 0.6 0.05 0.05 -0.025 0.1 0.5 0 0 0 0 0.939 1 0.655 0.965 1 0.88 0.961 1 0.832
"70" 12 24 0.7 0.05 0.05 -0.025 0.1 0.5 0 0 0 0 0.421 0.863 0.236 0.488 0.869 0.397 0.477 0.891 0.372
"71" 24 24 0.7 0.05 0.05 -0.025 0.1 0.5 0 0 0 0 0.73 0.998 0.436 0.779 0.997 0.702 0.781 0.998 0.658
"72" 48 24 0.7 0.05 0.05 -0.025 0.1 0.5 0 0 0 0 0.95 1 0.74 0.974 1 0.94 0.972 1 0.919
"73" 12 24 0.8 0.05 0.05 -0.025 0.1 0.5 0 0 0 0 0.461 0.965 0.339 0.518 0.944 0.536 0.521 0.964 0.518
"74" 24 24 0.8 0.05 0.05 -0.025 0.1 0.5 0 0 0 0 0.786 1 0.607 0.832 1 0.831 0.831 1 0.831
"75" 48 24 0.8 0.05 0.05 -0.025 0.1 0.5 0 0 0 0 0.977 1 0.916 0.984 1 0.992 0.986 1 0.991
"76" 12 24 0.4 0.1 0.1 -0.025 0.1 0.5 0 0 0 0 0.92 0.997 0.106 0.927 0.995 0.415 0.923 0.998 0.225
"77" 24 24 0.4 0.1 0.1 -0.025 0.1 0.5 0 0 0 0 0.999 1 0.216 0.999 1 0.761 0.999 1 0.438
"78" 48 24 0.4 0.1 0.1 -0.025 0.1 0.5 0 0 0 0 1 1 0.345 1 1 0.962 1 1 0.734
"79" 12 24 0.5 0.1 0.1 -0.025 0.1 0.5 0 0 0 0 0.913 1 0.083 0.925 1 0.502 0.928 1 0.298
"80" 24 24 0.5 0.1 0.1 -0.025 0.1 0.5 0 0 0 0 1 1 0.162 1 1 0.799 1 1 0.517
"81" 48 24 0.5 0.1 0.1 -0.025 0.1 0.5 0 0 0 0 1 1 0.234 1 1 0.978 1 1 0.786
"82" 12 24 0.6 0.1 0.1 -0.025 0.1 0.5 0 0 0 0 0.954 1 0.058 0.968 1 0.531 0.969 1 0.33
"83" 24 24 0.6 0.1 0.1 -0.025 0.1 0.5 0 0 0 0 0.999 1 0.072 0.999 1 0.846 0.999 1 0.549
"84" 48 24 0.6 0.1 0.1 -0.025 0.1 0.5 0 0 0 0 1 1 0.113 1 1 0.988 1 1 0.882
"85" 12 24 0.7 0.1 0.1 -0.025 0.1 0.5 0 0 0 0 0.943 1 0.051 0.962 1 0.563 0.962 1 0.385
"86" 24 24 0.7 0.1 0.1 -0.025 0.1 0.5 0 0 0 0 0.999 1 0.054 1 1 0.899 1 1 0.718
"87" 48 24 0.7 0.1 0.1 -0.025 0.1 0.5 0 0 0 0 1 1 0.067 1 1 0.995 1 1 0.938
"88" 12 24 0.8 0.1 0.1 -0.025 0.1 0.5 0 0 0 0 0.976 1 0.104 0.981 1 0.742 0.979 1 0.628
"89" 24 24 0.8 0.1 0.1 -0.025 0.1 0.5 0 0 0 0 1 1 0.189 1 1 0.977 1 1 0.934
"90" 48 24 0.8 0.1 0.1 -0.025 0.1 0.5 0 0 0 0 1 1 0.362 1 1 1 1 1 1
"91" 12 24 0.4 0.025 0.025 0.025 0.1 0.5 0 0 0 0 0.128 0.258 0.264 0.116 0.22 0.235 0.125 0.247 0.262
"92" 24 24 0.4 0.025 0.025 0.025 0.1 0.5 0 0 0 0 0.231 0.446 0.478 0.195 0.386 0.42 0.217 0.431 0.473
"93" 48 24 0.4 0.025 0.025 0.025 0.1 0.5 0 0 0 0 0.41 0.748 0.774 0.36 0.69 0.708 0.403 0.738 0.762
"94" 12 24 0.5 0.025 0.025 0.025 0.1 0.5 0 0 0 0 0.142 0.275 0.265 0.127 0.243 0.231 0.142 0.259 0.253
"95" 24 24 0.5 0.025 0.025 0.025 0.1 0.5 0 0 0 0 0.274 0.492 0.521 0.244 0.419 0.434 0.253 0.476 0.485
"96" 48 24 0.5 0.025 0.025 0.025 0.1 0.5 0 0 0 0 0.474 0.816 0.806 0.414 0.722 0.725 0.448 0.792 0.783
"97" 12 24 0.6 0.025 0.025 0.025 0.1 0.5 0 0 0 0 0.14 0.333 0.318 0.135 0.285 0.269 0.136 0.31 0.296
"98" 24 24 0.6 0.025 0.025 0.025 0.1 0.5 0 0 0 0 0.262 0.586 0.597 0.233 0.488 0.497 0.249 0.55 0.549
"99" 48 24 0.6 0.025 0.025 0.025 0.1 0.5 0 0 0 0 0.487 0.882 0.874 0.419 0.786 0.776 0.448 0.856 0.849
"100" 12 24 0.7 0.025 0.025 0.025 0.1 0.5 0 0 0 0 0.16 0.409 0.386 0.139 0.334 0.328 0.158 0.368 0.364
"101" 24 24 0.7 0.025 0.025 0.025 0.1 0.5 0 0 0 0 0.324 0.7 0.704 0.254 0.561 0.578 0.284 0.628 0.65
"102" 48 24 0.7 0.025 0.025 0.025 0.1 0.5 0 0 0 0 0.537 0.956 0.937 0.438 0.877 0.859 0.482 0.913 0.909
"103" 12 24 0.8 0.025 0.025 0.025 0.1 0.5 0 0 0 0 0.189 0.565 0.552 0.16 0.428 0.395 0.172 0.488 0.456
"104" 24 24 0.8 0.025 0.025 0.025 0.1 0.5 0 0 0 0 0.313 0.849 0.839 0.259 0.702 0.672 0.28 0.759 0.734
"105" 48 24 0.8 0.025 0.025 0.025 0.1 0.5 0 0 0 0 0.607 0.996 0.994 0.508 0.94 0.94 0.54 0.968 0.972
"106" 12 24 0.4 0.05 0.05 0.025 0.1 0.5 0 0 0 0 0.409 0.729 0.303 0.356 0.644 0.195 0.394 0.716 0.261
"107" 24 24 0.4 0.05 0.05 0.025 0.1 0.5 0 0 0 0 0.721 0.966 0.532 0.655 0.923 0.336 0.703 0.959 0.473
"108" 48 24 0.4 0.05 0.05 0.025 0.1 0.5 0 0 0 0 0.941 0.998 0.815 0.903 0.997 0.586 0.935 0.998 0.755
"109" 12 24 0.5 0.05 0.05 0.025 0.1 0.5 0 0 0 0 0.452 0.785 0.307 0.402 0.69 0.192 0.432 0.751 0.257
"110" 24 24 0.5 0.05 0.05 0.025 0.1 0.5 0 0 0 0 0.739 0.985 0.59 0.657 0.959 0.352 0.708 0.977 0.488
"111" 48 24 0.5 0.05 0.05 0.025 0.1 0.5 0 0 0 0 0.955 1 0.868 0.928 0.999 0.6 0.95 0.999 0.772
"112" 12 24 0.6 0.05 0.05 0.025 0.1 0.5 0 0 0 0 0.442 0.84 0.402 0.379 0.742 0.225 0.426 0.802 0.309
"113" 24 24 0.6 0.05 0.05 0.025 0.1 0.5 0 0 0 0 0.764 0.994 0.715 0.687 0.976 0.425 0.739 0.989 0.571
"114" 48 24 0.6 0.05 0.05 0.025 0.1 0.5 0 0 0 0 0.972 1 0.942 0.937 1 0.692 0.959 1 0.849
"115" 12 24 0.7 0.05 0.05 0.025 0.1 0.5 0 0 0 0 0.513 0.95 0.56 0.421 0.854 0.282 0.474 0.913 0.371
"116" 24 24 0.7 0.05 0.05 0.025 0.1 0.5 0 0 0 0 0.829 0.997 0.872 0.738 0.989 0.458 0.783 0.994 0.653
"117" 48 24 0.7 0.05 0.05 0.025 0.1 0.5 0 0 0 0 0.99 1 0.989 0.961 1 0.765 0.981 1 0.904
"118" 12 24 0.8 0.05 0.05 0.025 0.1 0.5 0 0 0 0 0.549 0.984 0.647 0.455 0.905 0.298 0.481 0.945 0.404
"119" 24 24 0.8 0.05 0.05 0.025 0.1 0.5 0 0 0 0 0.856 1 0.918 0.757 0.995 0.535 0.799 0.999 0.68
"120" 48 24 0.8 0.05 0.05 0.025 0.1 0.5 0 0 0 0 0.992 1 0.999 0.971 1 0.828 0.98 1 0.94
"121" 12 24 0.4 0.1 0.1 0.025 0.1 0.5 0 0 0 0 0.947 1 0.41 0.903 0.994 0.073 0.938 1 0.246
"122" 24 24 0.4 0.1 0.1 0.025 0.1 0.5 0 0 0 0 1 1 0.691 0.996 1 0.12 1 1 0.442
"123" 48 24 0.4 0.1 0.1 0.025 0.1 0.5 0 0 0 0 1 1 0.951 1 1 0.189 1 1 0.743
"124" 12 24 0.5 0.1 0.1 0.025 0.1 0.5 0 0 0 0 0.954 1 0.544 0.899 0.994 0.102 0.942 0.999 0.265
"125" 24 24 0.5 0.1 0.1 0.025 0.1 0.5 0 0 0 0 0.999 1 0.85 0.997 1 0.137 0.998 1 0.506
"126" 48 24 0.5 0.1 0.1 0.025 0.1 0.5 0 0 0 0 1 1 0.999 1 1 0.205 1 1 0.795
"127" 12 24 0.6 0.1 0.1 0.025 0.1 0.5 0 0 0 0 0.959 1 0.733 0.92 0.999 0.096 0.943 1 0.293
"128" 24 24 0.6 0.1 0.1 0.025 0.1 0.5 0 0 0 0 1 1 0.967 0.999 1 0.166 0.999 1 0.556
"129" 48 24 0.6 0.1 0.1 0.025 0.1 0.5 0 0 0 0 1 1 1 1 1 0.225 1 1 0.847
"130" 12 24 0.7 0.1 0.1 0.025 0.1 0.5 0 0 0 0 0.975 1 0.872 0.935 1 0.097 0.958 1 0.295
"131" 24 24 0.7 0.1 0.1 0.025 0.1 0.5 0 0 0 0 1 1 0.996 0.999 1 0.144 0.999 1 0.521
"132" 48 24 0.7 0.1 0.1 0.025 0.1 0.5 0 0 0 0 1 1 1 1 1 0.248 1 1 0.84
"133" 12 24 0.8 0.1 0.1 0.025 0.1 0.5 0 0 0 0 0.993 1 0.757 0.964 1 0.057 0.976 1 0.131
"134" 24 24 0.8 0.1 0.1 0.025 0.1 0.5 0 0 0 0 1 1 0.965 0.999 1 0.064 1 1 0.234
"135" 48 24 0.8 0.1 0.1 0.025 0.1 0.5 0 0 0 0 1 1 0.999 1 1 0.096 1 1 0.423
"136" 12 24 0.4 0.025 0.025 0.05 0.1 0.5 0 0 0 0 0.131 0.264 0.734 0.106 0.213 0.681 0.127 0.255 0.724
"137" 24 24 0.4 0.025 0.025 0.05 0.1 0.5 0 0 0 0 0.214 0.5 0.966 0.181 0.393 0.934 0.206 0.467 0.96
"138" 48 24 0.4 0.025 0.025 0.05 0.1 0.5 0 0 0 0 0.45 0.758 1 0.343 0.619 0.998 0.411 0.717 1
"139" 12 24 0.5 0.025 0.025 0.05 0.1 0.5 0 0 0 0 0.16 0.298 0.767 0.124 0.219 0.717 0.138 0.266 0.758
"140" 24 24 0.5 0.025 0.025 0.05 0.1 0.5 0 0 0 0 0.278 0.56 0.98 0.225 0.423 0.949 0.255 0.5 0.969
"141" 48 24 0.5 0.025 0.025 0.05 0.1 0.5 0 0 0 0 0.476 0.842 0.999 0.384 0.666 0.999 0.442 0.782 1
"142" 12 24 0.6 0.025 0.025 0.05 0.1 0.5 0 0 0 0 0.181 0.348 0.853 0.15 0.253 0.803 0.16 0.309 0.839
"143" 24 24 0.6 0.025 0.025 0.05 0.1 0.5 0 0 0 0 0.293 0.63 0.989 0.215 0.446 0.983 0.262 0.543 0.988
"144" 48 24 0.6 0.025 0.025 0.05 0.1 0.5 0 0 0 0 0.547 0.91 1 0.429 0.763 1 0.485 0.853 1
"145" 12 24 0.7 0.025 0.025 0.05 0.1 0.5 0 0 0 0 0.175 0.447 0.909 0.141 0.303 0.84 0.15 0.366 0.882
"146" 24 24 0.7 0.025 0.025 0.05 0.1 0.5 0 0 0 0 0.33 0.745 0.998 0.242 0.529 0.991 0.277 0.623 0.998
"147" 48 24 0.7 0.025 0.025 0.05 0.1 0.5 0 0 0 0 0.621 0.971 1 0.449 0.841 1 0.529 0.923 1
"148" 12 24 0.8 0.025 0.025 0.05 0.1 0.5 0 0 0 0 0.217 0.579 0.98 0.154 0.347 0.939 0.172 0.42 0.958
"149" 24 24 0.8 0.025 0.025 0.05 0.1 0.5 0 0 0 0 0.356 0.892 0.999 0.233 0.65 0.998 0.27 0.76 0.999
"150" 48 24 0.8 0.025 0.025 0.05 0.1 0.5 0 0 0 0 0.628 0.993 1 0.433 0.895 1 0.496 0.959 1
"151" 12 24 0.4 0.05 0.05 0.05 0.1 0.5 0 0 0 0 0.419 0.757 0.737 0.327 0.625 0.593 0.392 0.718 0.7
"152" 24 24 0.4 0.05 0.05 0.05 0.1 0.5 0 0 0 0 0.754 0.966 0.975 0.637 0.899 0.887 0.719 0.948 0.963
"153" 48 24 0.4 0.05 0.05 0.05 0.1 0.5 0 0 0 0 0.956 1 1 0.894 0.997 0.995 0.938 0.999 1
"154" 12 24 0.5 0.05 0.05 0.05 0.1 0.5 0 0 0 0 0.469 0.809 0.787 0.341 0.659 0.63 0.416 0.78 0.739
"155" 24 24 0.5 0.05 0.05 0.05 0.1 0.5 0 0 0 0 0.774 0.982 0.983 0.624 0.923 0.928 0.713 0.97 0.974
"156" 48 24 0.5 0.05 0.05 0.05 0.1 0.5 0 0 0 0 0.965 1 1 0.901 0.997 0.998 0.948 1 1
"157" 12 24 0.6 0.05 0.05 0.05 0.1 0.5 0 0 0 0 0.486 0.886 0.903 0.361 0.725 0.76 0.432 0.829 0.854
"158" 24 24 0.6 0.05 0.05 0.05 0.1 0.5 0 0 0 0 0.813 0.996 0.995 0.675 0.963 0.958 0.748 0.989 0.989
"159" 48 24 0.6 0.05 0.05 0.05 0.1 0.5 0 0 0 0 0.982 1 1 0.926 0.999 0.999 0.957 1 1
"160" 12 24 0.7 0.05 0.05 0.05 0.1 0.5 0 0 0 0 0.55 0.965 0.954 0.386 0.818 0.815 0.443 0.911 0.896
"161" 24 24 0.7 0.05 0.05 0.05 0.1 0.5 0 0 0 0 0.868 0.999 1 0.72 0.98 0.983 0.794 0.995 0.997
"162" 48 24 0.7 0.05 0.05 0.05 0.1 0.5 0 0 0 0 0.992 1 1 0.944 1 1 0.98 1 1
"163" 12 24 0.8 0.05 0.05 0.05 0.1 0.5 0 0 0 0 0.617 0.987 0.985 0.422 0.843 0.873 0.476 0.928 0.932
"164" 24 24 0.8 0.05 0.05 0.05 0.1 0.5 0 0 0 0 0.88 1 1 0.705 0.992 0.995 0.772 1 0.999
"165" 48 24 0.8 0.05 0.05 0.05 0.1 0.5 0 0 0 0 0.996 1 1 0.957 1 1 0.975 1 1
"166" 12 24 0.4 0.1 0.1 0.05 0.1 0.5 0 0 0 0 0.944 1 0.869 0.853 0.99 0.409 0.918 1 0.733
"167" 24 24 0.4 0.1 0.1 0.05 0.1 0.5 0 0 0 0 0.999 1 0.991 0.998 1 0.658 0.998 1 0.951
"168" 48 24 0.4 0.1 0.1 0.05 0.1 0.5 0 0 0 0 1 1 1 1 1 0.919 1 1 1
"169" 12 24 0.5 0.1 0.1 0.05 0.1 0.5 0 0 0 0 0.963 1 0.93 0.881 0.991 0.436 0.935 0.999 0.767
"170" 24 24 0.5 0.1 0.1 0.05 0.1 0.5 0 0 0 0 0.999 1 0.999 0.994 1 0.728 0.999 1 0.973
"171" 48 24 0.5 0.1 0.1 0.05 0.1 0.5 0 0 0 0 1 1 1 1 1 0.96 1 1 1
"172" 12 24 0.6 0.1 0.1 0.05 0.1 0.5 0 0 0 0 0.979 1 0.985 0.899 1 0.497 0.952 1 0.825
"173" 24 24 0.6 0.1 0.1 0.05 0.1 0.5 0 0 0 0 1 1 1 0.997 1 0.793 1 1 0.978
"174" 48 24 0.6 0.1 0.1 0.05 0.1 0.5 0 0 0 0 1 1 1 1 1 0.967 1 1 1
"175" 12 24 0.7 0.1 0.1 0.05 0.1 0.5 0 0 0 0 0.995 1 0.998 0.942 1 0.476 0.972 1 0.797
"176" 24 24 0.7 0.1 0.1 0.05 0.1 0.5 0 0 0 0 1 1 1 0.994 1 0.805 0.999 1 0.987
"177" 48 24 0.7 0.1 0.1 0.05 0.1 0.5 0 0 0 0 1 1 1 1 1 0.973 1 1 1
"178" 12 24 0.8 0.1 0.1 0.05 0.1 0.5 0 0 0 0 0.993 1 0.989 0.921 0.999 0.349 0.963 1 0.61
"179" 24 24 0.8 0.1 0.1 0.05 0.1 0.5 0 0 0 0 1 1 1 0.996 1 0.64 1 1 0.912
"180" 48 24 0.8 0.1 0.1 0.05 0.1 0.5 0 0 0 0 1 1 1 1 1 0.902 1 1 0.998
