"N_s" "N_t" "Pr_0" "Pr_1" "Pr_2" "Pr_3" "Pr_SD" "Br_0" "Br_1" "Br_2" "Br_3" "Br_SD" "B.dp" "W.dp" "BxW.dp" "B.Ap" "W.Ap" "BxW.Ap" "B.Pr" "W.Pr" "BxW.Pr"
"1" 24 12 0.4 0.025 0.025 -0.05 0.1 0.5 0 0 0 0 0.152 0.216 0.711 0.18 0.267 0.707 0.164 0.252 0.736
"2" 24 24 0.4 0.025 0.025 -0.05 0.1 0.5 0 0 0 0 0.205 0.412 0.949 0.258 0.476 0.943 0.223 0.461 0.954
"3" 24 48 0.4 0.025 0.025 -0.05 0.1 0.5 0 0 0 0 0.299 0.689 0.999 0.362 0.742 1 0.326 0.722 1
"4" 24 12 0.5 0.025 0.025 -0.05 0.1 0.5 0 0 0 0 0.156 0.21 0.724 0.174 0.262 0.737 0.17 0.264 0.756
"5" 24 24 0.5 0.025 0.025 -0.05 0.1 0.5 0 0 0 0 0.208 0.455 0.964 0.261 0.539 0.963 0.229 0.521 0.975
"6" 24 48 0.5 0.025 0.025 -0.05 0.1 0.5 0 0 0 0 0.275 0.718 1 0.338 0.796 1 0.315 0.786 1
"7" 24 12 0.6 0.025 0.025 -0.05 0.1 0.5 0 0 0 0 0.156 0.294 0.784 0.191 0.348 0.8 0.181 0.349 0.828
"8" 24 24 0.6 0.025 0.025 -0.05 0.1 0.5 0 0 0 0 0.213 0.472 0.988 0.284 0.584 0.98 0.252 0.563 0.988
"9" 24 48 0.6 0.025 0.025 -0.05 0.1 0.5 0 0 0 0 0.261 0.786 1 0.346 0.872 1 0.316 0.863 1
"10" 24 12 0.7 0.025 0.025 -0.05 0.1 0.5 0 0 0 0 0.185 0.306 0.889 0.226 0.374 0.873 0.231 0.379 0.904
"11" 24 24 0.7 0.025 0.025 -0.05 0.1 0.5 0 0 0 0 0.236 0.524 0.995 0.31 0.652 0.997 0.288 0.639 0.998
"12" 24 48 0.7 0.025 0.025 -0.05 0.1 0.5 0 0 0 0 0.243 0.829 1 0.332 0.91 1 0.301 0.911 1
"13" 24 12 0.8 0.025 0.025 -0.05 0.1 0.5 0 0 0 0 0.226 0.472 0.978 0.265 0.496 0.958 0.26 0.507 0.976
"14" 24 24 0.8 0.025 0.025 -0.05 0.1 0.5 0 0 0 0 0.275 0.716 1 0.362 0.769 1 0.35 0.791 1
"15" 24 48 0.8 0.025 0.025 -0.05 0.1 0.5 0 0 0 0 0.278 0.93 1 0.408 0.969 1 0.383 0.972 1
"16" 24 12 0.4 0.05 0.05 -0.05 0.1 0.5 0 0 0 0 0.434 0.661 0.687 0.522 0.746 0.761 0.485 0.72 0.747
"17" 24 24 0.4 0.05 0.05 -0.05 0.1 0.5 0 0 0 0 0.645 0.93 0.917 0.723 0.966 0.947 0.687 0.96 0.94
"18" 24 48 0.4 0.05 0.05 -0.05 0.1 0.5 0 0 0 0 0.781 0.998 0.999 0.852 1 1 0.813 1 1
"19" 24 12 0.5 0.05 0.05 -0.05 0.1 0.5 0 0 0 0 0.493 0.694 0.668 0.603 0.795 0.786 0.577 0.788 0.765
"20" 24 24 0.5 0.05 0.05 -0.05 0.1 0.5 0 0 0 0 0.644 0.948 0.945 0.757 0.976 0.975 0.72 0.976 0.972
"21" 24 48 0.5 0.05 0.05 -0.05 0.1 0.5 0 0 0 0 0.761 1 0.998 0.852 1 1 0.804 1 0.999
"22" 24 12 0.6 0.05 0.05 -0.05 0.1 0.5 0 0 0 0 0.509 0.759 0.75 0.611 0.842 0.829 0.584 0.841 0.827
"23" 24 24 0.6 0.05 0.05 -0.05 0.1 0.5 0 0 0 0 0.648 0.964 0.968 0.755 0.989 0.989 0.733 0.99 0.987
"24" 24 48 0.6 0.05 0.05 -0.05 0.1 0.5 0 0 0 0 0.743 1 1 0.863 1 1 0.835 1 1
"25" 24 12 0.7 0.05 0.05 -0.05 0.1 0.5 0 0 0 0 0.554 0.847 0.839 0.669 0.902 0.896 0.669 0.919 0.906
"26" 24 24 0.7 0.05 0.05 -0.05 0.1 0.5 0 0 0 0 0.659 0.991 0.985 0.803 0.999 0.989 0.77 0.999 0.991
"27" 24 48 0.7 0.05 0.05 -0.05 0.1 0.5 0 0 0 0 0.732 1 1 0.901 1 1 0.871 1 1
"28" 24 12 0.8 0.05 0.05 -0.05 0.1 0.5 0 0 0 0 0.634 0.971 0.964 0.736 0.97 0.968 0.722 0.979 0.977
"29" 24 24 0.8 0.05 0.05 -0.05 0.1 0.5 0 0 0 0 0.701 0.999 0.999 0.85 0.998 1 0.825 0.999 1
"30" 24 48 0.8 0.05 0.05 -0.05 0.1 0.5 0 0 0 0 0.78 1 1 0.909 1 1 0.889 1 1
"31" 24 12 0.4 0.1 0.1 -0.05 0.1 0.5 0 0 0 0 0.976 0.997 0.51 0.992 0.999 0.846 0.99 0.999 0.714
"32" 24 24 0.4 0.1 0.1 -0.05 0.1 0.5 0 0 0 0 1 1 0.835 0.999 1 0.99 1 1 0.952
"33" 24 48 0.4 0.1 0.1 -0.05 0.1 0.5 0 0 0 0 1 1 0.987 1 1 1 1 1 1
"34" 24 12 0.5 0.1 0.1 -0.05 0.1 0.5 0 0 0 0 0.971 1 0.537 0.991 1 0.901 0.988 1 0.813
"35" 24 24 0.5 0.1 0.1 -0.05 0.1 0.5 0 0 0 0 0.996 1 0.842 1 1 0.997 1 1 0.978
"36" 24 48 0.5 0.1 0.1 -0.05 0.1 0.5 0 0 0 0 1 1 0.982 1 1 1 1 1 0.999
"37" 24 12 0.6 0.1 0.1 -0.05 0.1 0.5 0 0 0 0 0.981 0.999 0.521 0.995 1 0.943 0.994 1 0.866
"38" 24 24 0.6 0.1 0.1 -0.05 0.1 0.5 0 0 0 0 0.999 1 0.776 1 1 0.999 1 1 0.991
"39" 24 48 0.6 0.1 0.1 -0.05 0.1 0.5 0 0 0 0 1 1 0.968 1 1 1 1 1 1
"40" 24 12 0.7 0.1 0.1 -0.05 0.1 0.5 0 0 0 0 0.995 1 0.596 0.999 1 0.972 0.999 1 0.941
"41" 24 24 0.7 0.1 0.1 -0.05 0.1 0.5 0 0 0 0 1 1 0.801 1 1 0.998 1 1 0.997
"42" 24 48 0.7 0.1 0.1 -0.05 0.1 0.5 0 0 0 0 1 1 0.933 1 1 1 1 1 1
"43" 24 12 0.8 0.1 0.1 -0.05 0.1 0.5 0 0 0 0 1 1 0.887 1 1 0.99 1 1 0.988
"44" 24 24 0.8 0.1 0.1 -0.05 0.1 0.5 0 0 0 0 0.999 1 0.967 1 1 1 1 1 1
"45" 24 48 0.8 0.1 0.1 -0.05 0.1 0.5 0 0 0 0 1 1 0.996 1 1 1 1 1 1
"46" 24 12 0.4 0.025 0.025 -0.025 0.1 0.5 0 0 0 0 0.166 0.23 0.231 0.179 0.258 0.255 0.176 0.255 0.265
"47" 24 24 0.4 0.025 0.025 -0.025 0.1 0.5 0 0 0 0 0.209 0.431 0.413 0.233 0.448 0.419 0.228 0.448 0.425
"48" 24 48 0.4 0.025 0.025 -0.025 0.1 0.5 0 0 0 0 0.266 0.72 0.736 0.29 0.739 0.76 0.274 0.743 0.757
"49" 24 12 0.5 0.025 0.025 -0.025 0.1 0.5 0 0 0 0 0.186 0.256 0.266 0.205 0.282 0.293 0.202 0.291 0.299
"50" 24 24 0.5 0.025 0.025 -0.025 0.1 0.5 0 0 0 0 0.24 0.458 0.451 0.259 0.477 0.483 0.263 0.487 0.486
"51" 24 48 0.5 0.025 0.025 -0.025 0.1 0.5 0 0 0 0 0.267 0.78 0.762 0.291 0.792 0.777 0.284 0.791 0.791
"52" 24 12 0.6 0.025 0.025 -0.025 0.1 0.5 0 0 0 0 0.168 0.277 0.316 0.178 0.308 0.324 0.175 0.317 0.353
"53" 24 24 0.6 0.025 0.025 -0.025 0.1 0.5 0 0 0 0 0.233 0.517 0.515 0.264 0.549 0.552 0.259 0.566 0.567
"54" 24 48 0.6 0.025 0.025 -0.025 0.1 0.5 0 0 0 0 0.267 0.794 0.819 0.305 0.808 0.848 0.295 0.822 0.848
"55" 24 12 0.7 0.025 0.025 -0.025 0.1 0.5 0 0 0 0 0.198 0.353 0.323 0.216 0.351 0.363 0.215 0.374 0.365
"56" 24 24 0.7 0.025 0.025 -0.025 0.1 0.5 0 0 0 0 0.222 0.625 0.613 0.263 0.643 0.642 0.247 0.654 0.661
"57" 24 48 0.7 0.025 0.025 -0.025 0.1 0.5 0 0 0 0 0.278 0.891 0.898 0.338 0.907 0.917 0.328 0.914 0.928
"58" 24 12 0.8 0.025 0.025 -0.025 0.1 0.5 0 0 0 0 0.229 0.47 0.485 0.245 0.436 0.471 0.252 0.471 0.499
"59" 24 24 0.8 0.025 0.025 -0.025 0.1 0.5 0 0 0 0 0.302 0.772 0.788 0.322 0.752 0.77 0.325 0.775 0.791
"60" 24 48 0.8 0.025 0.025 -0.025 0.1 0.5 0 0 0 0 0.291 0.971 0.978 0.34 0.97 0.978 0.33 0.979 0.988
"61" 24 12 0.4 0.05 0.05 -0.025 0.1 0.5 0 0 0 0 0.533 0.647 0.218 0.571 0.71 0.307 0.569 0.711 0.26
"62" 24 24 0.4 0.05 0.05 -0.025 0.1 0.5 0 0 0 0 0.709 0.947 0.357 0.734 0.945 0.496 0.726 0.946 0.426
"63" 24 48 0.4 0.05 0.05 -0.025 0.1 0.5 0 0 0 0 0.803 0.996 0.638 0.841 0.997 0.799 0.822 0.997 0.718
"64" 24 12 0.5 0.05 0.05 -0.025 0.1 0.5 0 0 0 0 0.534 0.732 0.204 0.599 0.764 0.315 0.58 0.792 0.278
"65" 24 24 0.5 0.05 0.05 -0.025 0.1 0.5 0 0 0 0 0.697 0.961 0.354 0.731 0.967 0.533 0.726 0.974 0.46
"66" 24 48 0.5 0.05 0.05 -0.025 0.1 0.5 0 0 0 0 0.822 0.999 0.664 0.845 1 0.849 0.839 0.999 0.787
"67" 24 12 0.6 0.05 0.05 -0.025 0.1 0.5 0 0 0 0 0.533 0.779 0.222 0.569 0.823 0.36 0.569 0.84 0.317
"68" 24 24 0.6 0.05 0.05 -0.025 0.1 0.5 0 0 0 0 0.693 0.982 0.398 0.741 0.988 0.612 0.738 0.991 0.557
"69" 24 48 0.6 0.05 0.05 -0.025 0.1 0.5 0 0 0 0 0.812 1 0.657 0.853 1 0.891 0.844 1 0.842
"70" 24 12 0.7 0.05 0.05 -0.025 0.1 0.5 0 0 0 0 0.609 0.895 0.29 0.658 0.898 0.44 0.667 0.929 0.41
"71" 24 24 0.7 0.05 0.05 -0.025 0.1 0.5 0 0 0 0 0.719 0.994 0.469 0.796 0.998 0.707 0.781 0.999 0.659
"72" 24 48 0.7 0.05 0.05 -0.025 0.1 0.5 0 0 0 0 0.792 1 0.715 0.858 1 0.935 0.86 1 0.918
"73" 24 12 0.8 0.05 0.05 -0.025 0.1 0.5 0 0 0 0 0.676 0.973 0.396 0.706 0.949 0.54 0.714 0.965 0.53
"74" 24 24 0.8 0.05 0.05 -0.025 0.1 0.5 0 0 0 0 0.772 1 0.613 0.816 0.999 0.834 0.817 1 0.818
"75" 24 48 0.8 0.05 0.05 -0.025 0.1 0.5 0 0 0 0 0.804 1 0.853 0.857 1 0.981 0.854 1 0.975
"76" 24 12 0.4 0.1 0.1 -0.025 0.1 0.5 0 0 0 0 0.973 0.998 0.119 0.977 0.998 0.461 0.983 0.999 0.259
"77" 24 24 0.4 0.1 0.1 -0.025 0.1 0.5 0 0 0 0 0.998 1 0.185 1 1 0.728 1 1 0.425
"78" 24 48 0.4 0.1 0.1 -0.025 0.1 0.5 0 0 0 0 1 1 0.39 1 1 0.963 1 1 0.732
"79" 24 12 0.5 0.1 0.1 -0.025 0.1 0.5 0 0 0 0 0.984 1 0.099 0.989 1 0.478 0.986 1 0.288
"80" 24 24 0.5 0.1 0.1 -0.025 0.1 0.5 0 0 0 0 0.999 1 0.138 1 1 0.783 1 1 0.496
"81" 24 48 0.5 0.1 0.1 -0.025 0.1 0.5 0 0 0 0 1 1 0.266 1 1 0.965 1 1 0.79
"82" 24 12 0.6 0.1 0.1 -0.025 0.1 0.5 0 0 0 0 0.992 1 0.068 0.991 1 0.538 0.996 1 0.332
"83" 24 24 0.6 0.1 0.1 -0.025 0.1 0.5 0 0 0 0 1 1 0.083 1 1 0.837 1 1 0.579
"84" 24 48 0.6 0.1 0.1 -0.025 0.1 0.5 0 0 0 0 1 1 0.1 1 1 0.989 1 1 0.868
"85" 24 12 0.7 0.1 0.1 -0.025 0.1 0.5 0 0 0 0 0.991 1 0.072 0.994 1 0.631 0.995 1 0.437
"86" 24 24 0.7 0.1 0.1 -0.025 0.1 0.5 0 0 0 0 0.998 1 0.053 1 1 0.901 1 1 0.727
"87" 24 48 0.7 0.1 0.1 -0.025 0.1 0.5 0 0 0 0 1 1 0.048 1 1 0.996 1 1 0.953
"88" 24 12 0.8 0.1 0.1 -0.025 0.1 0.5 0 0 0 0 0.999 1 0.246 1 1 0.83 1 1 0.73
"89" 24 24 0.8 0.1 0.1 -0.025 0.1 0.5 0 0 0 0 1 1 0.197 1 1 0.974 1 1 0.926
"90" 24 48 0.8 0.1 0.1 -0.025 0.1 0.5 0 0 0 0 0.999 1 0.178 0.999 1 1 0.999 1 0.995
"91" 24 12 0.4 0.025 0.025 0.025 0.1 0.5 0 0 0 0 0.16 0.251 0.275 0.153 0.246 0.243 0.162 0.258 0.28
"92" 24 24 0.4 0.025 0.025 0.025 0.1 0.5 0 0 0 0 0.278 0.464 0.472 0.247 0.389 0.404 0.27 0.443 0.451
"93" 24 48 0.4 0.025 0.025 0.025 0.1 0.5 0 0 0 0 0.281 0.722 0.764 0.261 0.654 0.697 0.283 0.702 0.746
"94" 24 12 0.5 0.025 0.025 0.025 0.1 0.5 0 0 0 0 0.19 0.287 0.259 0.158 0.254 0.229 0.181 0.285 0.256
"95" 24 24 0.5 0.025 0.025 0.025 0.1 0.5 0 0 0 0 0.258 0.484 0.511 0.229 0.41 0.441 0.25 0.473 0.495
"96" 24 48 0.5 0.025 0.025 0.025 0.1 0.5 0 0 0 0 0.314 0.803 0.83 0.28 0.706 0.749 0.296 0.777 0.802
"97" 24 12 0.6 0.025 0.025 0.025 0.1 0.5 0 0 0 0 0.2 0.336 0.323 0.168 0.281 0.283 0.193 0.322 0.325
"98" 24 24 0.6 0.025 0.025 0.025 0.1 0.5 0 0 0 0 0.289 0.609 0.574 0.243 0.508 0.486 0.264 0.569 0.544
"99" 24 48 0.6 0.025 0.025 0.025 0.1 0.5 0 0 0 0 0.343 0.872 0.877 0.29 0.773 0.789 0.329 0.829 0.849
"100" 24 12 0.7 0.025 0.025 0.025 0.1 0.5 0 0 0 0 0.244 0.408 0.439 0.193 0.318 0.357 0.222 0.37 0.407
"101" 24 24 0.7 0.025 0.025 0.025 0.1 0.5 0 0 0 0 0.293 0.711 0.734 0.255 0.562 0.593 0.269 0.627 0.673
"102" 24 48 0.7 0.025 0.025 0.025 0.1 0.5 0 0 0 0 0.36 0.96 0.955 0.29 0.866 0.857 0.328 0.918 0.901
"103" 24 12 0.8 0.025 0.025 0.025 0.1 0.5 0 0 0 0 0.251 0.539 0.54 0.221 0.409 0.435 0.242 0.482 0.498
"104" 24 24 0.8 0.025 0.025 0.025 0.1 0.5 0 0 0 0 0.341 0.83 0.85 0.268 0.665 0.695 0.295 0.742 0.767
"105" 24 48 0.8 0.025 0.025 0.025 0.1 0.5 0 0 0 0 0.371 0.988 0.992 0.31 0.924 0.94 0.335 0.959 0.967
"106" 24 12 0.4 0.05 0.05 0.025 0.1 0.5 0 0 0 0 0.539 0.717 0.293 0.478 0.652 0.194 0.532 0.722 0.26
"107" 24 24 0.4 0.05 0.05 0.025 0.1 0.5 0 0 0 0 0.717 0.956 0.514 0.651 0.931 0.335 0.701 0.948 0.453
"108" 24 48 0.4 0.05 0.05 0.025 0.1 0.5 0 0 0 0 0.842 0.999 0.836 0.779 0.998 0.596 0.828 0.998 0.768
"109" 24 12 0.5 0.05 0.05 0.025 0.1 0.5 0 0 0 0 0.579 0.791 0.361 0.503 0.708 0.197 0.556 0.783 0.281
"110" 24 24 0.5 0.05 0.05 0.025 0.1 0.5 0 0 0 0 0.735 0.98 0.585 0.663 0.958 0.35 0.71 0.98 0.495
"111" 24 48 0.5 0.05 0.05 0.025 0.1 0.5 0 0 0 0 0.843 1 0.874 0.782 0.999 0.62 0.821 1 0.765
"112" 24 12 0.6 0.05 0.05 0.025 0.1 0.5 0 0 0 0 0.61 0.859 0.403 0.52 0.772 0.228 0.584 0.849 0.317
"113" 24 24 0.6 0.05 0.05 0.025 0.1 0.5 0 0 0 0 0.786 0.997 0.701 0.687 0.977 0.399 0.744 0.991 0.533
"114" 24 48 0.6 0.05 0.05 0.025 0.1 0.5 0 0 0 0 0.87 1 0.928 0.817 1 0.676 0.851 1 0.84
"115" 24 12 0.7 0.05 0.05 0.025 0.1 0.5 0 0 0 0 0.703 0.935 0.521 0.581 0.849 0.291 0.655 0.903 0.394
"116" 24 24 0.7 0.05 0.05 0.025 0.1 0.5 0 0 0 0 0.838 0.999 0.86 0.752 0.985 0.502 0.779 0.994 0.652
"117" 24 48 0.7 0.05 0.05 0.025 0.1 0.5 0 0 0 0 0.878 1 0.988 0.81 1 0.789 0.841 1 0.907
"118" 24 12 0.8 0.05 0.05 0.025 0.1 0.5 0 0 0 0 0.737 0.99 0.601 0.621 0.927 0.29 0.671 0.97 0.409
"119" 24 24 0.8 0.05 0.05 0.025 0.1 0.5 0 0 0 0 0.862 1 0.914 0.78 0.998 0.51 0.818 1 0.678
"120" 24 48 0.8 0.05 0.05 0.025 0.1 0.5 0 0 0 0 0.904 1 0.995 0.819 1 0.808 0.852 1 0.917
"121" 24 12 0.4 0.1 0.1 0.025 0.1 0.5 0 0 0 0 0.986 1 0.434 0.967 0.998 0.081 0.983 1 0.235
"122" 24 24 0.4 0.1 0.1 0.025 0.1 0.5 0 0 0 0 1 1 0.722 0.999 1 0.116 1 1 0.443
"123" 24 48 0.4 0.1 0.1 0.025 0.1 0.5 0 0 0 0 1 1 0.945 1 1 0.196 1 1 0.754
"124" 24 12 0.5 0.1 0.1 0.025 0.1 0.5 0 0 0 0 0.994 1 0.58 0.969 0.997 0.079 0.986 1 0.277
"125" 24 24 0.5 0.1 0.1 0.025 0.1 0.5 0 0 0 0 1 1 0.861 0.998 1 0.128 1 1 0.502
"126" 24 48 0.5 0.1 0.1 0.025 0.1 0.5 0 0 0 0 0.999 1 0.986 0.999 1 0.26 0.999 1 0.822
"127" 24 12 0.6 0.1 0.1 0.025 0.1 0.5 0 0 0 0 0.995 1 0.715 0.978 1 0.096 0.992 1 0.321
"128" 24 24 0.6 0.1 0.1 0.025 0.1 0.5 0 0 0 0 0.999 1 0.961 0.997 1 0.149 0.999 1 0.55
"129" 24 48 0.6 0.1 0.1 0.025 0.1 0.5 0 0 0 0 1 1 0.999 1 1 0.248 1 1 0.849
"130" 24 12 0.7 0.1 0.1 0.025 0.1 0.5 0 0 0 0 0.999 1 0.831 0.99 1 0.089 0.998 1 0.306
"131" 24 24 0.7 0.1 0.1 0.025 0.1 0.5 0 0 0 0 1 1 0.995 0.999 1 0.14 0.999 1 0.548
"132" 24 48 0.7 0.1 0.1 0.025 0.1 0.5 0 0 0 0 1 1 1 1 1 0.239 1 1 0.824
"133" 24 12 0.8 0.1 0.1 0.025 0.1 0.5 0 0 0 0 1 1 0.635 0.995 1 0.053 1 1 0.142
"134" 24 24 0.8 0.1 0.1 0.025 0.1 0.5 0 0 0 0 1 1 0.961 0.998 1 0.066 1 1 0.237
"135" 24 48 0.8 0.1 0.1 0.025 0.1 0.5 0 0 0 0 1 1 0.997 1 1 0.072 1 1 0.351
"136" 24 12 0.4 0.025 0.025 0.05 0.1 0.5 0 0 0 0 0.197 0.263 0.735 0.163 0.212 0.695 0.18 0.255 0.744
"137" 24 24 0.4 0.025 0.025 0.05 0.1 0.5 0 0 0 0 0.263 0.473 0.955 0.201 0.367 0.925 0.241 0.446 0.951
"138" 24 48 0.4 0.025 0.025 0.05 0.1 0.5 0 0 0 0 0.317 0.769 0.998 0.257 0.614 0.998 0.3 0.718 0.998
"139" 24 12 0.5 0.025 0.025 0.05 0.1 0.5 0 0 0 0 0.197 0.292 0.787 0.148 0.222 0.72 0.167 0.27 0.79
"140" 24 24 0.5 0.025 0.025 0.05 0.1 0.5 0 0 0 0 0.273 0.528 0.971 0.207 0.408 0.95 0.249 0.481 0.969
"141" 24 48 0.5 0.025 0.025 0.05 0.1 0.5 0 0 0 0 0.336 0.827 1 0.259 0.676 1 0.298 0.777 1
"142" 24 12 0.6 0.025 0.025 0.05 0.1 0.5 0 0 0 0 0.233 0.356 0.833 0.174 0.257 0.785 0.198 0.32 0.849
"143" 24 24 0.6 0.025 0.025 0.05 0.1 0.5 0 0 0 0 0.279 0.627 0.991 0.207 0.457 0.975 0.24 0.559 0.987
"144" 24 48 0.6 0.025 0.025 0.05 0.1 0.5 0 0 0 0 0.351 0.89 1 0.276 0.736 1 0.319 0.826 1
"145" 24 12 0.7 0.025 0.025 0.05 0.1 0.5 0 0 0 0 0.252 0.429 0.919 0.168 0.296 0.88 0.215 0.374 0.92
"146" 24 24 0.7 0.025 0.025 0.05 0.1 0.5 0 0 0 0 0.351 0.772 0.998 0.261 0.544 0.994 0.303 0.643 0.996
"147" 24 48 0.7 0.025 0.025 0.05 0.1 0.5 0 0 0 0 0.42 0.965 1 0.299 0.835 1 0.337 0.916 1
"148" 24 12 0.8 0.025 0.025 0.05 0.1 0.5 0 0 0 0 0.278 0.518 0.978 0.211 0.349 0.936 0.241 0.416 0.968
"149" 24 24 0.8 0.025 0.025 0.05 0.1 0.5 0 0 0 0 0.359 0.863 1 0.245 0.633 0.998 0.274 0.731 1
"150" 24 48 0.8 0.025 0.025 0.05 0.1 0.5 0 0 0 0 0.406 0.989 1 0.292 0.895 1 0.314 0.951 1
"151" 24 12 0.4 0.05 0.05 0.05 0.1 0.5 0 0 0 0 0.574 0.725 0.741 0.459 0.61 0.61 0.538 0.715 0.723
"152" 24 24 0.4 0.05 0.05 0.05 0.1 0.5 0 0 0 0 0.724 0.975 0.966 0.602 0.898 0.897 0.685 0.962 0.948
"153" 24 48 0.4 0.05 0.05 0.05 0.1 0.5 0 0 0 0 0.847 1 1 0.753 0.992 0.993 0.818 1 1
"154" 24 12 0.5 0.05 0.05 0.05 0.1 0.5 0 0 0 0 0.597 0.822 0.824 0.467 0.668 0.691 0.575 0.795 0.787
"155" 24 24 0.5 0.05 0.05 0.05 0.1 0.5 0 0 0 0 0.805 0.989 0.99 0.665 0.92 0.93 0.757 0.972 0.976
"156" 24 48 0.5 0.05 0.05 0.05 0.1 0.5 0 0 0 0 0.876 1 1 0.776 0.996 0.999 0.843 1 1
"157" 24 12 0.6 0.05 0.05 0.05 0.1 0.5 0 0 0 0 0.67 0.885 0.878 0.497 0.758 0.734 0.608 0.859 0.835
"158" 24 24 0.6 0.05 0.05 0.05 0.1 0.5 0 0 0 0 0.82 0.996 0.996 0.674 0.96 0.963 0.752 0.995 0.988
"159" 24 48 0.6 0.05 0.05 0.05 0.1 0.5 0 0 0 0 0.902 1 1 0.767 0.998 0.999 0.842 1 1
"160" 24 12 0.7 0.05 0.05 0.05 0.1 0.5 0 0 0 0 0.721 0.957 0.955 0.539 0.82 0.806 0.617 0.905 0.917
"161" 24 24 0.7 0.05 0.05 0.05 0.1 0.5 0 0 0 0 0.872 1 1 0.719 0.978 0.975 0.79 0.992 0.997
"162" 24 48 0.7 0.05 0.05 0.05 0.1 0.5 0 0 0 0 0.925 1 1 0.802 1 1 0.85 1 1
"163" 24 12 0.8 0.05 0.05 0.05 0.1 0.5 0 0 0 0 0.799 0.988 0.976 0.619 0.866 0.861 0.695 0.948 0.94
"164" 24 24 0.8 0.05 0.05 0.05 0.1 0.5 0 0 0 0 0.894 1 1 0.727 0.983 0.988 0.78 0.999 0.997
"165" 24 48 0.8 0.05 0.05 0.05 0.1 0.5 0 0 0 0 0.931 1 1 0.782 1 1 0.839 1 1
"166" 24 12 0.4 0.1 0.1 0.05 0.1 0.5 0 0 0 0 0.992 0.999 0.866 0.966 0.993 0.429 0.991 1 0.743
"167" 24 24 0.4 0.1 0.1 0.05 0.1 0.5 0 0 0 0 1 1 0.993 0.996 1 0.665 1 1 0.959
"168" 24 48 0.4 0.1 0.1 0.05 0.1 0.5 0 0 0 0 0.999 1 1 0.999 1 0.932 0.999 1 1
"169" 24 12 0.5 0.1 0.1 0.05 0.1 0.5 0 0 0 0 0.995 1 0.94 0.971 0.996 0.436 0.996 1 0.803
"170" 24 24 0.5 0.1 0.1 0.05 0.1 0.5 0 0 0 0 0.999 1 0.997 0.996 1 0.741 0.998 1 0.971
"171" 24 48 0.5 0.1 0.1 0.05 0.1 0.5 0 0 0 0 1 1 1 1 1 0.947 1 1 1
"172" 24 12 0.6 0.1 0.1 0.05 0.1 0.5 0 0 0 0 0.997 1 0.983 0.977 0.998 0.507 0.992 1 0.86
"173" 24 24 0.6 0.1 0.1 0.05 0.1 0.5 0 0 0 0 1 1 1 0.997 1 0.794 1 1 0.989
"174" 24 48 0.6 0.1 0.1 0.05 0.1 0.5 0 0 0 0 1 1 1 1 1 0.976 1 1 1
"175" 24 12 0.7 0.1 0.1 0.05 0.1 0.5 0 0 0 0 1 1 0.994 0.977 1 0.504 0.998 1 0.835
"176" 24 24 0.7 0.1 0.1 0.05 0.1 0.5 0 0 0 0 1 1 1 0.998 1 0.822 1 1 0.987
"177" 24 48 0.7 0.1 0.1 0.05 0.1 0.5 0 0 0 0 1 1 1 1 1 0.977 1 1 1
"178" 24 12 0.8 0.1 0.1 0.05 0.1 0.5 0 0 0 0 1 1 0.978 0.983 1 0.363 0.998 1 0.676
"179" 24 24 0.8 0.1 0.1 0.05 0.1 0.5 0 0 0 0 1 1 1 0.998 1 0.651 0.999 1 0.917
"180" 24 48 0.8 0.1 0.1 0.05 0.1 0.5 0 0 0 0 1 1 1 0.999 1 0.862 0.999 1 0.994
