"N_s" "N_t" "d_0" "d_1" "d_2" "d_3" "d_SD" "k_0" "k_1" "k_2" "k_3" "k_SD" "S" "B.dp" "W.dp" "BxW.dp" "B.Ap" "W.Ap" "BxW.Ap" "B.Pr" "W.Pr" "BxW.Pr"
"1" 24 12 1.5 0.125 0.125 -0.25 0.5 0 0 0 0 0 1 0.236 0.459 0.979 0.322 0.619 0.988 0.293 0.595 0.99
"2" 24 24 1.5 0.125 0.125 -0.25 0.5 0 0 0 0 0 1 0.284 0.787 1 0.366 0.885 1 0.343 0.87 1
"3" 24 48 1.5 0.125 0.125 -0.25 0.5 0 0 0 0 0 1 0.333 0.984 1 0.435 0.994 1 0.392 0.994 1
"4" 24 12 2 0.125 0.125 -0.25 0.5 0 0 0 0 0 1 0.238 0.436 0.954 0.314 0.563 0.975 0.282 0.561 0.983
"5" 24 24 2 0.125 0.125 -0.25 0.5 0 0 0 0 0 1 0.298 0.735 1 0.382 0.847 1 0.358 0.864 1
"6" 24 48 2 0.125 0.125 -0.25 0.5 0 0 0 0 0 1 0.335 0.96 1 0.452 0.984 1 0.404 0.987 1
"7" 24 12 2.5 0.125 0.125 -0.25 0.5 0 0 0 0 0 1 0.244 0.411 0.906 0.292 0.512 0.941 0.291 0.513 0.946
"8" 24 24 2.5 0.125 0.125 -0.25 0.5 0 0 0 0 0 1 0.27 0.673 0.999 0.351 0.789 0.998 0.332 0.808 0.999
"9" 24 48 2.5 0.125 0.125 -0.25 0.5 0 0 0 0 0 1 0.337 0.896 1 0.424 0.954 1 0.409 0.965 1
"10" 24 12 3 0.125 0.125 -0.25 0.5 0 0 0 0 0 1 0.235 0.347 0.853 0.26 0.405 0.886 0.266 0.406 0.891
"11" 24 24 3 0.125 0.125 -0.25 0.5 0 0 0 0 0 1 0.272 0.588 0.987 0.324 0.684 0.995 0.315 0.692 0.995
"12" 24 48 3 0.125 0.125 -0.25 0.5 0 0 0 0 0 1 0.324 0.861 1 0.407 0.935 1 0.396 0.93 1
"13" 24 12 3.5 0.125 0.125 -0.25 0.5 0 0 0 0 0 1 0.215 0.308 0.733 0.249 0.335 0.772 0.246 0.341 0.782
"14" 24 24 3.5 0.125 0.125 -0.25 0.5 0 0 0 0 0 1 0.283 0.525 0.946 0.315 0.603 0.962 0.308 0.598 0.964
"15" 24 48 3.5 0.125 0.125 -0.25 0.5 0 0 0 0 0 1 0.363 0.794 1 0.415 0.844 1 0.409 0.852 1
"16" 24 12 1.5 0.25 0.25 -0.25 0.5 0 0 0 0 0 1 0.711 0.969 0.971 0.845 0.996 0.998 0.801 0.995 0.995
"17" 24 24 1.5 0.25 0.25 -0.25 0.5 0 0 0 0 0 1 0.807 1 1 0.9 1 1 0.872 1 1
"18" 24 48 1.5 0.25 0.25 -0.25 0.5 0 0 0 0 0 1 0.875 1 1 0.956 1 1 0.924 1 1
"19" 24 12 2 0.25 0.25 -0.25 0.5 0 0 0 0 0 1 0.678 0.958 0.957 0.811 0.996 0.991 0.792 0.996 0.993
"20" 24 24 2 0.25 0.25 -0.25 0.5 0 0 0 0 0 1 0.821 0.999 1 0.922 1 1 0.905 1 1
"21" 24 48 2 0.25 0.25 -0.25 0.5 0 0 0 0 0 1 0.856 1 1 0.946 1 1 0.931 1 1
"22" 24 12 2.5 0.25 0.25 -0.25 0.5 0 0 0 0 0 1 0.709 0.945 0.932 0.813 0.983 0.984 0.804 0.982 0.983
"23" 24 24 2.5 0.25 0.25 -0.25 0.5 0 0 0 0 0 1 0.804 0.997 0.997 0.905 1 1 0.889 1 1
"24" 24 48 2.5 0.25 0.25 -0.25 0.5 0 0 0 0 0 1 0.86 1 1 0.941 1 1 0.929 1 1
"25" 24 12 3 0.25 0.25 -0.25 0.5 0 0 0 0 0 1 0.671 0.906 0.877 0.768 0.946 0.938 0.76 0.947 0.937
"26" 24 24 3 0.25 0.25 -0.25 0.5 0 0 0 0 0 1 0.811 0.989 0.99 0.882 0.999 0.998 0.876 0.999 0.998
"27" 24 48 3 0.25 0.25 -0.25 0.5 0 0 0 0 0 1 0.893 1 1 0.947 1 1 0.942 1 1
"28" 24 12 3.5 0.25 0.25 -0.25 0.5 0 0 0 0 0 1 0.622 0.836 0.83 0.674 0.881 0.87 0.679 0.878 0.869
"29" 24 24 3.5 0.25 0.25 -0.25 0.5 0 0 0 0 0 1 0.761 0.974 0.965 0.834 0.99 0.989 0.829 0.99 0.985
"30" 24 48 3.5 0.25 0.25 -0.25 0.5 0 0 0 0 0 1 0.874 1 1 0.922 1 1 0.918 1 1
"31" 24 12 1.5 0.5 0.5 -0.25 0.5 0 0 0 0 0 1 1 1 0.957 1 1 1 1 1 1
"32" 24 24 1.5 0.5 0.5 -0.25 0.5 0 0 0 0 0 1 1 1 1 1 1 1 1 1 1
"33" 24 48 1.5 0.5 0.5 -0.25 0.5 0 0 0 0 0 1 1 1 1 1 1 1 1 1 1
"34" 24 12 2 0.5 0.5 -0.25 0.5 0 0 0 0 0 1 0.997 1 0.966 0.999 1 1 0.998 1 1
"35" 24 24 2 0.5 0.5 -0.25 0.5 0 0 0 0 0 1 1 1 0.998 1 1 1 1 1 1
"36" 24 48 2 0.5 0.5 -0.25 0.5 0 0 0 0 0 1 1 1 1 1 1 1 1 1 1
"37" 24 12 2.5 0.5 0.5 -0.25 0.5 0 0 0 0 0 1 0.999 1 0.976 1 1 1 1 1 1
"38" 24 24 2.5 0.5 0.5 -0.25 0.5 0 0 0 0 0 1 1 1 0.999 1 1 1 1 1 1
"39" 24 48 2.5 0.5 0.5 -0.25 0.5 0 0 0 0 0 1 1 1 1 1 1 1 1 1 1
"40" 24 12 3 0.5 0.5 -0.25 0.5 0 0 0 0 0 1 0.999 1 0.981 0.999 1 0.999 0.999 1 1
"41" 24 24 3 0.5 0.5 -0.25 0.5 0 0 0 0 0 1 1 1 0.999 1 1 1 1 1 1
"42" 24 48 3 0.5 0.5 -0.25 0.5 0 0 0 0 0 1 1 1 1 1 1 1 1 1 1
"43" 24 12 3.5 0.5 0.5 -0.25 0.5 0 0 0 0 0 1 0.995 1 0.969 0.999 1 0.999 0.998 1 0.996
"44" 24 24 3.5 0.5 0.5 -0.25 0.5 0 0 0 0 0 1 1 1 0.997 1 1 1 1 1 1
"45" 24 48 3.5 0.5 0.5 -0.25 0.5 0 0 0 0 0 1 1 1 1 1 1 1 1 1 1
"46" 24 12 1.5 0.125 0.125 -0.125 0.5 0 0 0 0 0 1 0.247 0.517 0.482 0.274 0.581 0.581 0.264 0.598 0.589
"47" 24 24 1.5 0.125 0.125 -0.125 0.5 0 0 0 0 0 1 0.297 0.788 0.805 0.338 0.862 0.868 0.329 0.849 0.87
"48" 24 48 1.5 0.125 0.125 -0.125 0.5 0 0 0 0 0 1 0.333 0.983 0.979 0.373 0.992 0.989 0.36 0.991 0.993
"49" 24 12 2 0.125 0.125 -0.125 0.5 0 0 0 0 0 1 0.245 0.45 0.421 0.285 0.503 0.503 0.279 0.513 0.507
"50" 24 24 2 0.125 0.125 -0.125 0.5 0 0 0 0 0 1 0.278 0.741 0.713 0.325 0.82 0.806 0.312 0.823 0.814
"51" 24 48 2 0.125 0.125 -0.125 0.5 0 0 0 0 0 1 0.348 0.957 0.95 0.386 0.97 0.979 0.38 0.975 0.98
"52" 24 12 2.5 0.125 0.125 -0.125 0.5 0 0 0 0 0 1 0.256 0.357 0.386 0.271 0.452 0.434 0.282 0.439 0.457
"53" 24 24 2.5 0.125 0.125 -0.125 0.5 0 0 0 0 0 1 0.276 0.642 0.644 0.316 0.745 0.732 0.314 0.741 0.73
"54" 24 48 2.5 0.125 0.125 -0.125 0.5 0 0 0 0 0 1 0.349 0.919 0.908 0.38 0.956 0.954 0.384 0.956 0.959
"55" 24 12 3 0.125 0.125 -0.125 0.5 0 0 0 0 0 1 0.194 0.324 0.328 0.219 0.366 0.367 0.22 0.372 0.378
"56" 24 24 3 0.125 0.125 -0.125 0.5 0 0 0 0 0 1 0.263 0.568 0.559 0.283 0.643 0.643 0.284 0.635 0.649
"57" 24 48 3 0.125 0.125 -0.125 0.5 0 0 0 0 0 1 0.314 0.853 0.853 0.339 0.897 0.901 0.338 0.897 0.902
"58" 24 12 3.5 0.125 0.125 -0.125 0.5 0 0 0 0 0 1 0.178 0.282 0.254 0.18 0.287 0.277 0.184 0.294 0.282
"59" 24 24 3.5 0.125 0.125 -0.125 0.5 0 0 0 0 0 1 0.268 0.473 0.448 0.292 0.532 0.495 0.291 0.523 0.493
"60" 24 48 3.5 0.125 0.125 -0.125 0.5 0 0 0 0 0 1 0.28 0.757 0.737 0.304 0.804 0.79 0.305 0.802 0.802
"61" 24 12 1.5 0.25 0.25 -0.125 0.5 0 0 0 0 0 1 0.741 0.969 0.495 0.794 0.99 0.777 0.799 0.992 0.704
"62" 24 24 1.5 0.25 0.25 -0.125 0.5 0 0 0 0 0 1 0.826 1 0.809 0.876 1 0.963 0.865 1 0.934
"63" 24 48 1.5 0.25 0.25 -0.125 0.5 0 0 0 0 0 1 0.869 1 0.976 0.914 1 1 0.906 1 0.995
"64" 24 12 2 0.25 0.25 -0.125 0.5 0 0 0 0 0 1 0.721 0.949 0.433 0.785 0.98 0.706 0.786 0.981 0.656
"65" 24 24 2 0.25 0.25 -0.125 0.5 0 0 0 0 0 1 0.799 1 0.714 0.851 1 0.927 0.847 1 0.903
"66" 24 48 2 0.25 0.25 -0.125 0.5 0 0 0 0 0 1 0.871 1 0.939 0.903 1 0.997 0.897 1 0.997
"67" 24 12 2.5 0.25 0.25 -0.125 0.5 0 0 0 0 0 1 0.679 0.914 0.427 0.727 0.953 0.624 0.732 0.959 0.613
"68" 24 24 2.5 0.25 0.25 -0.125 0.5 0 0 0 0 0 1 0.799 0.994 0.661 0.847 0.999 0.893 0.847 0.999 0.867
"69" 24 48 2.5 0.25 0.25 -0.125 0.5 0 0 0 0 0 1 0.862 1 0.907 0.903 1 0.99 0.902 1 0.989
"70" 24 12 3 0.25 0.25 -0.125 0.5 0 0 0 0 0 1 0.646 0.871 0.42 0.679 0.914 0.555 0.684 0.919 0.528
"71" 24 24 3 0.25 0.25 -0.125 0.5 0 0 0 0 0 1 0.771 0.987 0.64 0.811 0.995 0.83 0.811 0.997 0.814
"72" 24 48 3 0.25 0.25 -0.125 0.5 0 0 0 0 0 1 0.859 1 0.883 0.891 1 0.976 0.891 1 0.974
"73" 24 12 3.5 0.25 0.25 -0.125 0.5 0 0 0 0 0 1 0.578 0.804 0.377 0.638 0.84 0.451 0.629 0.844 0.44
"74" 24 24 3.5 0.25 0.25 -0.125 0.5 0 0 0 0 0 1 0.744 0.971 0.599 0.776 0.984 0.751 0.78 0.985 0.735
"75" 24 48 3.5 0.25 0.25 -0.125 0.5 0 0 0 0 0 1 0.835 1 0.831 0.876 1 0.949 0.876 1 0.935
"76" 24 12 1.5 0.5 0.5 -0.125 0.5 0 0 0 0 0 1 0.999 1 0.468 1 1 0.991 1 1 0.915
"77" 24 24 1.5 0.5 0.5 -0.125 0.5 0 0 0 0 0 1 0.999 1 0.741 1 1 1 1 1 0.996
"78" 24 48 1.5 0.5 0.5 -0.125 0.5 0 0 0 0 0 1 1 1 0.962 1 1 1 1 1 1
"79" 24 12 2 0.5 0.5 -0.125 0.5 0 0 0 0 0 1 0.997 1 0.528 0.998 1 0.988 0.999 1 0.95
"80" 24 24 2 0.5 0.5 -0.125 0.5 0 0 0 0 0 1 1 1 0.723 1 1 1 1 1 0.999
"81" 24 48 2 0.5 0.5 -0.125 0.5 0 0 0 0 0 1 1 1 0.933 1 1 1 1 1 1
"82" 24 12 2.5 0.5 0.5 -0.125 0.5 0 0 0 0 0 1 1 1 0.61 1 1 0.976 1 1 0.951
"83" 24 24 2.5 0.5 0.5 -0.125 0.5 0 0 0 0 0 1 1 1 0.809 1 1 1 1 1 1
"84" 24 48 2.5 0.5 0.5 -0.125 0.5 0 0 0 0 0 1 1 1 0.95 1 1 1 1 1 1
"85" 24 12 3 0.5 0.5 -0.125 0.5 0 0 0 0 0 1 0.995 1 0.711 0.999 1 0.948 0.998 1 0.927
"86" 24 24 3 0.5 0.5 -0.125 0.5 0 0 0 0 0 1 0.999 1 0.865 1 1 0.999 0.999 1 0.998
"87" 24 48 3 0.5 0.5 -0.125 0.5 0 0 0 0 0 1 1 1 0.973 1 1 1 1 1 1
"88" 24 12 3.5 0.5 0.5 -0.125 0.5 0 0 0 0 0 1 0.989 1 0.752 0.992 1 0.914 0.993 1 0.895
"89" 24 24 3.5 0.5 0.5 -0.125 0.5 0 0 0 0 0 1 1 1 0.898 1 1 0.993 1 1 0.988
"90" 24 48 3.5 0.5 0.5 -0.125 0.5 0 0 0 0 0 1 1 1 0.987 1 1 1 1 1 1
"91" 24 12 1.5 0.125 0.125 0.125 0.5 0 0 0 0 0 1 0.229 0.516 0.488 0.188 0.444 0.414 0.212 0.537 0.499
"92" 24 24 1.5 0.125 0.125 0.125 0.5 0 0 0 0 0 1 0.317 0.827 0.823 0.256 0.729 0.707 0.299 0.815 0.8
"93" 24 48 1.5 0.125 0.125 0.125 0.5 0 0 0 0 0 1 0.317 0.979 0.987 0.252 0.935 0.935 0.286 0.976 0.98
"94" 24 12 2 0.125 0.125 0.125 0.5 0 0 0 0 0 1 0.241 0.432 0.436 0.199 0.363 0.391 0.232 0.42 0.455
"95" 24 24 2 0.125 0.125 0.125 0.5 0 0 0 0 0 1 0.3 0.741 0.734 0.248 0.642 0.65 0.279 0.717 0.716
"96" 24 48 2 0.125 0.125 0.125 0.5 0 0 0 0 0 1 0.334 0.96 0.963 0.283 0.913 0.901 0.313 0.949 0.954
"97" 24 12 2.5 0.125 0.125 0.125 0.5 0 0 0 0 0 1 0.212 0.371 0.385 0.174 0.337 0.363 0.205 0.367 0.398
"98" 24 24 2.5 0.125 0.125 0.125 0.5 0 0 0 0 0 1 0.29 0.655 0.628 0.233 0.59 0.563 0.251 0.645 0.622
"99" 24 48 2.5 0.125 0.125 0.125 0.5 0 0 0 0 0 1 0.294 0.886 0.902 0.249 0.837 0.831 0.271 0.883 0.879
"100" 24 12 3 0.125 0.125 0.125 0.5 0 0 0 0 0 1 0.186 0.304 0.274 0.17 0.263 0.246 0.187 0.288 0.268
"101" 24 24 3 0.125 0.125 0.125 0.5 0 0 0 0 0 1 0.238 0.529 0.502 0.204 0.473 0.481 0.208 0.506 0.504
"102" 24 48 3 0.125 0.125 0.125 0.5 0 0 0 0 0 1 0.336 0.817 0.81 0.258 0.746 0.75 0.274 0.779 0.782
"103" 24 12 3.5 0.125 0.125 0.125 0.5 0 0 0 0 0 1 0.157 0.232 0.242 0.144 0.213 0.234 0.149 0.225 0.243
"104" 24 24 3.5 0.125 0.125 0.125 0.5 0 0 0 0 0 1 0.194 0.357 0.411 0.171 0.357 0.376 0.175 0.368 0.39
"105" 24 48 3.5 0.125 0.125 0.125 0.5 0 0 0 0 0 1 0.259 0.683 0.673 0.215 0.634 0.615 0.229 0.655 0.636
"106" 24 12 1.5 0.25 0.25 0.125 0.5 0 0 0 0 0 1 0.731 0.984 0.52 0.632 0.951 0.232 0.706 0.982 0.403
"107" 24 24 1.5 0.25 0.25 0.125 0.5 0 0 0 0 0 1 0.833 1 0.814 0.718 1 0.382 0.8 1 0.678
"108" 24 48 1.5 0.25 0.25 0.125 0.5 0 0 0 0 0 1 0.886 1 0.978 0.787 1 0.65 0.85 1 0.912
"109" 24 12 2 0.25 0.25 0.125 0.5 0 0 0 0 0 1 0.672 0.952 0.434 0.567 0.916 0.202 0.634 0.958 0.305
"110" 24 24 2 0.25 0.25 0.125 0.5 0 0 0 0 0 1 0.808 0.999 0.74 0.702 0.994 0.35 0.753 0.998 0.547
"111" 24 48 2 0.25 0.25 0.125 0.5 0 0 0 0 0 1 0.852 1 0.963 0.753 1 0.572 0.813 1 0.834
"112" 24 12 2.5 0.25 0.25 0.125 0.5 0 0 0 0 0 1 0.639 0.894 0.295 0.566 0.852 0.157 0.61 0.894 0.216
"113" 24 24 2.5 0.25 0.25 0.125 0.5 0 0 0 0 0 1 0.777 0.997 0.59 0.691 0.991 0.278 0.742 0.997 0.405
"114" 24 48 2.5 0.25 0.25 0.125 0.5 0 0 0 0 0 1 0.861 1 0.895 0.778 1 0.478 0.809 1 0.647
"115" 24 12 3 0.25 0.25 0.125 0.5 0 0 0 0 0 1 0.573 0.772 0.199 0.53 0.739 0.127 0.549 0.786 0.153
"116" 24 24 3 0.25 0.25 0.125 0.5 0 0 0 0 0 1 0.713 0.975 0.412 0.638 0.964 0.219 0.665 0.971 0.272
"117" 24 48 3 0.25 0.25 0.125 0.5 0 0 0 0 0 1 0.809 1 0.756 0.705 1 0.376 0.732 1 0.477
"118" 24 12 3.5 0.25 0.25 0.125 0.5 0 0 0 0 0 1 0.464 0.655 0.13 0.415 0.627 0.096 0.436 0.652 0.106
"119" 24 24 3.5 0.25 0.25 0.125 0.5 0 0 0 0 0 1 0.656 0.906 0.28 0.595 0.888 0.148 0.612 0.898 0.179
"120" 24 48 3.5 0.25 0.25 0.125 0.5 0 0 0 0 0 1 0.738 0.997 0.484 0.679 0.997 0.262 0.698 0.997 0.32
"121" 24 12 1.5 0.5 0.5 0.125 0.5 0 0 0 0 0 1 1 1 0.52 0.997 1 0.107 1 1 0.093
"122" 24 24 1.5 0.5 0.5 0.125 0.5 0 0 0 0 0 1 1 1 0.813 0.998 1 0.148 1 1 0.117
"123" 24 48 1.5 0.5 0.5 0.125 0.5 0 0 0 0 0 1 1 1 0.983 1 1 0.2 1 1 0.241
"124" 24 12 2 0.5 0.5 0.125 0.5 0 0 0 0 0 1 0.999 1 0.375 0.989 1 0.116 0.999 1 0.068
"125" 24 24 2 0.5 0.5 0.125 0.5 0 0 0 0 0 1 1 1 0.689 0.999 1 0.179 1 1 0.063
"126" 24 48 2 0.5 0.5 0.125 0.5 0 0 0 0 0 1 0.999 1 0.951 0.998 1 0.226 0.998 1 0.052
"127" 24 12 2.5 0.5 0.5 0.125 0.5 0 0 0 0 0 1 0.994 1 0.165 0.987 1 0.125 0.994 1 0.061
"128" 24 24 2.5 0.5 0.5 0.125 0.5 0 0 0 0 0 1 1 1 0.421 0.995 1 0.172 0.999 1 0.069
"129" 24 48 2.5 0.5 0.5 0.125 0.5 0 0 0 0 0 1 1 1 0.79 0.999 1 0.259 1 1 0.064
"130" 24 12 3 0.5 0.5 0.125 0.5 0 0 0 0 0 1 0.984 1 0.067 0.973 1 0.108 0.983 1 0.073
"131" 24 24 3 0.5 0.5 0.125 0.5 0 0 0 0 0 1 0.997 1 0.189 0.997 1 0.148 0.997 1 0.086
"132" 24 48 3 0.5 0.5 0.125 0.5 0 0 0 0 0 1 1 1 0.431 1 1 0.284 1 1 0.121
"133" 24 12 3.5 0.5 0.5 0.125 0.5 0 0 0 0 0 1 0.959 0.993 0.043 0.944 0.992 0.109 0.95 0.993 0.083
"134" 24 24 3.5 0.5 0.5 0.125 0.5 0 0 0 0 0 1 0.998 1 0.056 0.993 1 0.202 0.997 1 0.148
"135" 24 48 3.5 0.5 0.5 0.125 0.5 0 0 0 0 0 1 1 1 0.086 0.995 1 0.303 0.998 1 0.205
"136" 24 12 1.5 0.125 0.125 0.25 0.5 0 0 0 0 0 1 0.263 0.491 0.97 0.172 0.352 0.963 0.228 0.467 0.982
"137" 24 24 1.5 0.125 0.125 0.25 0.5 0 0 0 0 0 1 0.293 0.81 1 0.191 0.591 1 0.246 0.754 1
"138" 24 48 1.5 0.125 0.125 0.25 0.5 0 0 0 0 0 1 0.336 0.984 1 0.217 0.838 1 0.273 0.956 1
"139" 24 12 2 0.125 0.125 0.25 0.5 0 0 0 0 0 1 0.244 0.404 0.953 0.172 0.289 0.933 0.212 0.363 0.962
"140" 24 24 2 0.125 0.125 0.25 0.5 0 0 0 0 0 1 0.276 0.747 1 0.196 0.521 0.999 0.232 0.665 1
"141" 24 48 2 0.125 0.125 0.25 0.5 0 0 0 0 0 1 0.322 0.971 1 0.22 0.798 1 0.261 0.92 1
"142" 24 12 2.5 0.125 0.125 0.25 0.5 0 0 0 0 0 1 0.207 0.371 0.891 0.164 0.29 0.89 0.183 0.344 0.914
"143" 24 24 2.5 0.125 0.125 0.25 0.5 0 0 0 0 0 1 0.261 0.614 0.998 0.197 0.451 0.997 0.229 0.532 0.997
"144" 24 48 2.5 0.125 0.125 0.25 0.5 0 0 0 0 0 1 0.309 0.908 1 0.207 0.701 1 0.234 0.811 1
"145" 24 12 3 0.125 0.125 0.25 0.5 0 0 0 0 0 1 0.168 0.254 0.837 0.125 0.206 0.807 0.147 0.23 0.836
"146" 24 24 3 0.125 0.125 0.25 0.5 0 0 0 0 0 1 0.233 0.489 0.982 0.163 0.366 0.978 0.189 0.419 0.986
"147" 24 48 3 0.125 0.125 0.25 0.5 0 0 0 0 0 1 0.301 0.807 0.999 0.221 0.582 0.999 0.244 0.668 0.999
"148" 24 12 3.5 0.125 0.125 0.25 0.5 0 0 0 0 0 1 0.122 0.18 0.686 0.099 0.176 0.695 0.109 0.186 0.715
"149" 24 24 3.5 0.125 0.125 0.25 0.5 0 0 0 0 0 1 0.179 0.371 0.938 0.137 0.282 0.939 0.146 0.31 0.948
"150" 24 48 3.5 0.125 0.125 0.25 0.5 0 0 0 0 0 1 0.238 0.609 0.999 0.173 0.465 0.998 0.189 0.5 0.998
"151" 24 12 1.5 0.25 0.25 0.25 0.5 0 0 0 0 0 1 0.704 0.978 0.969 0.509 0.879 0.891 0.641 0.965 0.965
"152" 24 24 1.5 0.25 0.25 0.25 0.5 0 0 0 0 0 1 0.836 1 0.999 0.63 0.995 0.99 0.751 1 0.998
"153" 24 48 1.5 0.25 0.25 0.25 0.5 0 0 0 0 0 1 0.879 1 1 0.718 1 1 0.824 1 1
"154" 24 12 2 0.25 0.25 0.25 0.5 0 0 0 0 0 1 0.674 0.946 0.949 0.512 0.838 0.82 0.593 0.931 0.919
"155" 24 24 2 0.25 0.25 0.25 0.5 0 0 0 0 0 1 0.786 0.999 0.998 0.614 0.987 0.98 0.704 1 0.998
"156" 24 48 2 0.25 0.25 0.25 0.5 0 0 0 0 0 1 0.863 1 1 0.664 1 0.998 0.778 1 1
"157" 24 12 2.5 0.25 0.25 0.25 0.5 0 0 0 0 0 1 0.598 0.876 0.875 0.422 0.738 0.753 0.501 0.84 0.834
"158" 24 24 2.5 0.25 0.25 0.25 0.5 0 0 0 0 0 1 0.752 0.992 0.992 0.574 0.965 0.955 0.657 0.981 0.98
"159" 24 48 2.5 0.25 0.25 0.25 0.5 0 0 0 0 0 1 0.853 1 1 0.641 1 1 0.715 1 1
"160" 24 12 3 0.25 0.25 0.25 0.5 0 0 0 0 0 1 0.497 0.732 0.741 0.408 0.638 0.64 0.446 0.697 0.691
"161" 24 24 3 0.25 0.25 0.25 0.5 0 0 0 0 0 1 0.676 0.969 0.97 0.531 0.907 0.887 0.582 0.944 0.934
"162" 24 48 3 0.25 0.25 0.25 0.5 0 0 0 0 0 1 0.793 1 1 0.611 0.994 0.996 0.672 1 0.998
"163" 24 12 3.5 0.25 0.25 0.25 0.5 0 0 0 0 0 1 0.416 0.606 0.577 0.34 0.556 0.482 0.375 0.594 0.531
"164" 24 24 3.5 0.25 0.25 0.25 0.5 0 0 0 0 0 1 0.595 0.884 0.868 0.472 0.792 0.778 0.511 0.823 0.82
"165" 24 48 3.5 0.25 0.25 0.25 0.5 0 0 0 0 0 1 0.72 0.991 0.994 0.565 0.97 0.968 0.599 0.982 0.977
"166" 24 12 1.5 0.5 0.5 0.25 0.5 0 0 0 0 0 1 0.999 1 0.979 0.984 1 0.229 0.996 1 0.732
"167" 24 24 1.5 0.5 0.5 0.25 0.5 0 0 0 0 0 1 1 1 1 0.998 1 0.354 1 1 0.96
"168" 24 48 1.5 0.5 0.5 0.25 0.5 0 0 0 0 0 1 1 1 1 0.999 1 0.5 1 1 0.997
"169" 24 12 2 0.5 0.5 0.25 0.5 0 0 0 0 0 1 0.999 1 0.898 0.985 1 0.142 0.995 1 0.516
"170" 24 24 2 0.5 0.5 0.25 0.5 0 0 0 0 0 1 1 1 1 0.998 1 0.238 1 1 0.801
"171" 24 48 2 0.5 0.5 0.25 0.5 0 0 0 0 0 1 1 1 1 0.999 1 0.39 0.999 1 0.959
"172" 24 12 2.5 0.5 0.5 0.25 0.5 0 0 0 0 0 1 0.993 1 0.728 0.951 0.998 0.138 0.985 1 0.321
"173" 24 24 2.5 0.5 0.5 0.25 0.5 0 0 0 0 0 1 1 1 0.978 0.991 1 0.18 0.999 1 0.521
"174" 24 48 2.5 0.5 0.5 0.25 0.5 0 0 0 0 0 1 1 1 1 0.996 1 0.296 1 1 0.79
"175" 24 12 3 0.5 0.5 0.25 0.5 0 0 0 0 0 1 0.979 0.999 0.473 0.938 0.993 0.094 0.965 0.998 0.176
"176" 24 24 3 0.5 0.5 0.25 0.5 0 0 0 0 0 1 0.998 1 0.849 0.989 1 0.125 0.991 1 0.279
"177" 24 48 3 0.5 0.5 0.25 0.5 0 0 0 0 0 1 1 1 0.995 0.997 1 0.229 0.998 1 0.476
"178" 24 12 3.5 0.5 0.5 0.25 0.5 0 0 0 0 0 1 0.93 0.994 0.214 0.879 0.986 0.077 0.91 0.993 0.098
"179" 24 24 3.5 0.5 0.5 0.25 0.5 0 0 0 0 0 1 0.992 1 0.487 0.966 1 0.082 0.979 1 0.15
"180" 24 48 3.5 0.5 0.5 0.25 0.5 0 0 0 0 0 1 0.998 1 0.843 0.986 1 0.144 0.994 1 0.241
